#                                                                                                                         
#                                                                                                                         
  A     R     N     D     C     Q     E     G     H     I     L     K     M     F     P     S     T     W     Y     V     *          
A      1 0.291 0.362 0.362 0.314 0.452 0.452 0.332 0.387 0.392 0.492 0.381 0.427 0.354 0.181 0.491 0.499 0.208 0.274 0.475          1
R  0.291     1 0.428   0.4 0.201 0.555 0.435 0.139 0.482 0.189 0.198 0.558 0.278 0.255 0.182 0.386 0.418 0.252 0.384 0.227          1
N  0.362 0.428     1 0.606 0.309 0.554 0.444 0.408 0.505  0.19 0.185 0.487 0.249 0.241  0.34 0.618 0.532 0.208 0.379 0.229          1
D  0.362   0.4 0.606     1 0.241 0.539 0.551 0.335 0.426 0.128 0.143 0.459 0.211 0.174 0.329 0.541 0.472 0.152 0.293 0.181          1
C  0.314 0.201 0.309 0.241     1 0.323 0.179 0.192 0.396 0.374 0.291 0.175 0.412 0.389  0.14 0.356 0.412 0.331 0.378 0.414          1
Q  0.452 0.555 0.554 0.539 0.323     1  0.58 0.257 0.562 0.285 0.297 0.604  0.41 0.335 0.291 0.526 0.545 0.307 0.428 0.323          1
E  0.452 0.435 0.444 0.551 0.179  0.58     1 0.181 0.426 0.169 0.241 0.529 0.291 0.203 0.196 0.411 0.398 0.164 0.243 0.216          1
G  0.332 0.139 0.408 0.335 0.192 0.257 0.181     1 0.211 0.102   0.1 0.205 0.077 0.091 0.263 0.493 0.396     0 0.167 0.182          1
H  0.387 0.482 0.505 0.426 0.396 0.562 0.426 0.211     1 0.343 0.322 0.466  0.47 0.441 0.236 0.443 0.495 0.422 0.507 0.361          1
I  0.392 0.189  0.19 0.128 0.374 0.285 0.169 0.102 0.343     1 0.596 0.182 0.525 0.618  0.07 0.252  0.38  0.42 0.452 0.707          1
L  0.492 0.198 0.185 0.143 0.291 0.297 0.241   0.1 0.322 0.596     1 0.231 0.511 0.552 0.048 0.268 0.352 0.346  0.36 0.579          1
K  0.381 0.558 0.487 0.459 0.175 0.604 0.529 0.205 0.466 0.182 0.231     1 0.273 0.214 0.206  0.44 0.425 0.205 0.325 0.221          1
M  0.427 0.278 0.249 0.211 0.412  0.41 0.291 0.077  0.47 0.525 0.511 0.273     1 0.579 0.068 0.272 0.366 0.477 0.435 0.486          1
F  0.354 0.255 0.241 0.174 0.389 0.335 0.203 0.091 0.441 0.618 0.552 0.214 0.579     1 0.105 0.258 0.376 0.559 0.555 0.543          1
P  0.181 0.182  0.34 0.329  0.14 0.291 0.196 0.263 0.236  0.07 0.048 0.206 0.068 0.105     1 0.377 0.344  0.06 0.209 0.105          1
S  0.491 0.386 0.618 0.541 0.356 0.526 0.411 0.493 0.443 0.252 0.268  0.44 0.272 0.258 0.377     1 0.677 0.177 0.357 0.341          1
T  0.499 0.418 0.532 0.472 0.412 0.545 0.398 0.396 0.495  0.38 0.352 0.425 0.366 0.376 0.344 0.677     1  0.28 0.442 0.465          1
W  0.208 0.252 0.208 0.152 0.331 0.307 0.164     0 0.422  0.42 0.346 0.205 0.477 0.559  0.06 0.177  0.28     1 0.539 0.339          1
Y  0.274 0.384 0.379 0.293 0.378 0.428 0.243 0.167 0.507 0.452  0.36 0.325 0.435 0.555 0.209 0.357 0.442 0.539     1 0.428          1
V  0.475 0.227 0.229 0.181 0.414 0.323 0.216 0.182 0.361 0.707 0.579 0.221 0.486 0.543 0.105 0.341 0.465 0.339 0.428     1          1
*      0     0     0     0     0     0     0     0     0     0     0     0     0     0     0     0     0     0     0     0          0
