#  Matrix made by Euclidean distance of aaindex1 ver. 9.2
#  * column uses lowest score
            A           R           N           D           C           Q           E           G           H           I           L           K           M           F           P           S           T           W           Y           V           *
A  1.000000  0.001447  0.002047  0.001949  0.001400  0.001618  0.001836  0.003848  0.001539  0.002129  0.002572  0.001609  0.001514  0.001568  0.001950  0.003764  0.002906  0.001177  0.001659  0.002836  1.000000
R  0.001447  1.000000  0.002835  0.002026  0.001072  0.003753  0.003025  0.001410  0.002520  0.001473  0.001410  0.002557  0.001469  0.001350  0.002125  0.001918  0.001867  0.001305  0.002127  0.001360  1.000000
N  0.002047  0.002835  1.000000  0.002529  0.001183  0.005400  0.003679  0.002048  0.002727  0.001699  0.001595  0.002367  0.001638  0.001399  0.004099  0.003649  0.002508  0.001242  0.002118  0.001595  1.000000
D  0.001949  0.002026  0.002529  1.000000  0.001539  0.002579  0.004459  0.001752  0.001985  0.001753  0.001665  0.002406  0.001725  0.001546  0.002057  0.002421  0.004254  0.001393  0.001990  0.001823  1.000000
C  0.001400  0.001072  0.001183  0.001539  1.000000  0.001165  0.001257  0.001154  0.001375  0.002150  0.001787  0.001075  0.002226  0.002383  0.001168  0.001242  0.001789  0.001932  0.001566  0.002183  1.000000
Q  0.001618  0.003753  0.005400  0.002579  0.001165  1.000000  0.004249  0.001614  0.002927  0.001567  0.001436  0.002554  0.001628  0.001374  0.003178  0.002431  0.002226  0.001303  0.002163  0.001429  1.000000
E  0.001836  0.003025  0.003679  0.004459  0.001257  0.004249  1.000000  0.001758  0.002206  0.001616  0.001566  0.003533  0.001571  0.001418  0.002407  0.002691  0.003090  0.001298  0.002084  0.001602  1.000000
G  0.003848  0.001410  0.002048  0.001752  0.001154  0.001614  0.001758  1.000000  0.001422  0.001532  0.001716  0.001570  0.001248  0.001236  0.002138  0.003676  0.002165  0.001005  0.001393  0.001777  1.000000
H  0.001539  0.002520  0.002727  0.001985  0.001375  0.002927  0.002206  0.001422  1.000000  0.002003  0.001634  0.001613  0.002556  0.001846  0.002518  0.001838  0.001973  0.001800  0.003029  0.001616  1.000000
I  0.002129  0.001473  0.001699  0.001753  0.002150  0.001567  0.001616  0.001532  0.002003  1.000000  0.004618  0.001366  0.003492  0.004465  0.001617  0.001776  0.002354  0.002250  0.002965  0.004511  1.000000
L  0.002572  0.001410  0.001595  0.001665  0.001787  0.001436  0.001566  0.001716  0.001634  0.004618  1.000000  0.001408  0.002120  0.002965  0.001531  0.001850  0.002325  0.001730  0.002373  0.006059  1.000000
K  0.001609  0.002557  0.002367  0.002406  0.001075  0.002554  0.003533  0.001570  0.001613  0.001366  0.001408  1.000000  0.001260  0.001216  0.001808  0.002143  0.002196  0.001117  0.001665  0.001394  1.000000
M  0.001514  0.001469  0.001638  0.001725  0.002226  0.001628  0.001571  0.001248  0.002556  0.003492  0.002120  0.001260  1.000000  0.003814  0.001578  0.001470  0.001939  0.003350  0.003148  0.002204  1.000000
F  0.001568  0.001350  0.001399  0.001546  0.002383  0.001374  0.001418  0.001236  0.001846  0.004465  0.002965  0.001216  0.003814  1.000000  0.001358  0.001385  0.001881  0.003639  0.002799  0.002914  1.000000
P  0.001950  0.002125  0.004099  0.002057  0.001168  0.003178  0.002407  0.002138  0.002518  0.001617  0.001531  0.001808  0.001578  0.001358  1.000000  0.002905  0.002105  0.001207  0.001877  0.001513  1.000000
S  0.003764  0.001918  0.003649  0.002421  0.001242  0.002431  0.002691  0.003676  0.001838  0.001776  0.001850  0.002143  0.001470  0.001385  0.002905  1.000000  0.003161  0.001135  0.001738  0.001934  1.000000
T  0.002906  0.001867  0.002508  0.004254  0.001789  0.002226  0.003090  0.002165  0.001973  0.002354  0.002325  0.002196  0.001939  0.001881  0.002105  0.003161  1.000000  0.001485  0.002192  0.002759  1.000000
W  0.001177  0.001305  0.001242  0.001393  0.001932  0.001303  0.001298  0.001005  0.001800  0.002250  0.001730  0.001117  0.003350  0.003639  0.001207  0.001135  0.001485  1.000000  0.002443  0.001707  1.000000
Y  0.001659  0.002127  0.002118  0.001990  0.001566  0.002163  0.002084  0.001393  0.003029  0.002965  0.002373  0.001665  0.003148  0.002799  0.001877  0.001738  0.002192  0.002443  1.000000  0.002121  1.000000
V  0.002836  0.001360  0.001595  0.001823  0.002183  0.001429  0.001602  0.001777  0.001616  0.004511  0.006059  0.001394  0.002204  0.002914  0.001513  0.001934  0.002759  0.001707  0.002121  1.000000  1.000000
*  0.000000  0.000000  0.000000  0.000000  0.000000  0.000000  0.000000  0.000000  0.000000  0.000000  0.000000  0.000000  0.000000  0.000000  0.000000  0.000000  0.000000  0.000000  0.000000  0.000000  0.000000