A R N D C Q E G H I L K M F P S T W Y V *
A 1 0.202838747494722 0.330542034301782 0.284392321187002 0.173544417869135 0.533547173397098 0.404186190339419 0.255597847961364 0.233983282644307 0.354777894292553 0.644719907916389 0.458912482768499 0.501015455214258 0.408808208194042 0.128587095296074 0.469816936655273 0.395347939748926 0.207531046004255 0.179094769456573 0.386436056289226 1
R 0.202838747494722 1 0.236860354450642 0.156084042516572 0.149787993028379 0.513444171548658 0.23517824874529 0.103588477453062 0.194417381492433 0.294690591441599 0.244056029295974 0.639406904706533 0.204149274517169 0.264791696301779 0.071045209144512 0.224425165760627 0.233720805808554 0.12244200179486 0.359475655021219 0.331023389042189 1
N 0.330542034301782 0.236860354450642 1 0.513271250200465 0.173504865885612 0.5666870650591 0.3291798115653 0.265644288362478 0.567468240651529 0.372245067817547 0.346895574943981 0.411509145948423 0.370231424508741 0.505080093898234 0.130820563278273 0.565234995936582 0.45999643166443 0.17289003640754 0.511189621297762 0.33809296852426 1
D 0.284392321187002 0.156084042516572 0.513271250200465 1 0.164942071004815 0.461127459657503 0.625029484721426 0.148005756167507 0.222420513407706 0.335603208000335 0.275931783112162 0.265390082213408 0.215471048050192 0.364955632997033 0.108619580987586 0.332849785047524 0.285636966530951 0.177576027742223 0.387918145298121 0.305946424059272 1
C 0.173544417869135 0.149787993028379 0.173504865885612 0.164942071004815 1 0.302438903381323 0.124356389288312 0.0471380389097927 0.13339993017343 0.212087308258588 0.0997896002709618 0.10612888327793 0.280568724306725 0.187911995831372 0 0.194657221309733 0.183166153382297 0.0806269033462598 0.14308875468446 0.269694872995945 1
Q 0.533547173397098 0.513444171548658 0.5666870650591 0.461127459657503 0.302438903381323 1 0.515817560311419 0.190705264938022 0.48581953848719 0.443625465338109 0.510302439129364 0.700512824310032 0.540341739870035 0.532129452990778 0.254225685905485 0.543917908326179 0.505572718919847 0.298918956010924 0.451117694720615 0.45157121271283 1
E 0.404186190339419 0.23517824874529 0.3291798115653 0.625029484721426 0.124356389288312 0.515817560311419 1 0.068164780659748 0.191091833151587 0.335012822041259 0.368092016264256 0.369530052583567 0.310055037119661 0.331099046682484 0.0968314729612699 0.221004062756167 0.187103684529992 0.134458113158348 0.244803910747593 0.30833025574927 1
G 0.255597847961364 0.103588477453062 0.265644288362478 0.148005756167507 0.0471380389097927 0.190705264938022 0.068164780659748 1 0.0855017982130345 0.181939960722901 0.193917832494422 0.214182868571913 0.135083587933151 0.219081557201943 0.00134762720861348 0.189067848592476 0.0626264746040635 0.0314082871976475 0.197646237641074 0.161563578116217 1
H 0.233983282644307 0.194417381492433 0.567468240651529 0.222420513407706 0.13339993017343 0.48581953848719 0.191091833151587 0.0855017982130345 1 0.305075896138162 0.288744310868694 0.360921102024241 0.543888951457665 0.477709533760712 0.0928764348829236 0.302873516867183 0.227368293861601 0.0510661303866844 0.351963514408881 0.223886353948569 1
I 0.354777894292553 0.294690591441599 0.372245067817547 0.335603208000335 0.212087308258588 0.443625465338109 0.335012822041259 0.181939960722901 0.305075896138162 1 0.599460649277576 0.329447978392367 0.374041010895815 0.642445317770899 0.161229963508051 0.311349202825922 0.335804063565042 0.141831994678009 0.546254728489206 0.788938733300011 1
L 0.644719907916389 0.244056029295974 0.346895574943981 0.275931783112162 0.0997896002709618 0.510302439129364 0.368092016264256 0.193917832494422 0.288744310868694 0.599460649277576 1 0.445596830744752 0.501049394485559 0.631161198993174 0.159733167755726 0.410637462276751 0.402451296191047 0.255072481017173 0.369435883411404 0.561441471286248 1
K 0.458912482768499 0.639406904706533 0.411509145948423 0.265390082213408 0.10612888327793 0.700512824310032 0.369530052583567 0.214182868571913 0.360921102024241 0.329447978392367 0.445596830744752 1 0.398169006673097 0.402017132794491 0.139661489780065 0.40993283353225 0.364589561613481 0.219040454084373 0.364401661759313 0.340415209814685 1
M 0.501015455214258 0.204149274517169 0.370231424508741 0.215471048050192 0.280568724306725 0.540341739870035 0.310055037119661 0.135083587933151 0.543888951457665 0.374041010895815 0.501049394485559 0.398169006673097 1 0.557389688513971 0.137559137273146 0.295366025423148 0.235708713517092 0.243860868071755 0.26756064019455 0.306230013967086 1
F 0.408808208194042 0.264791696301779 0.505080093898234 0.364955632997033 0.187911995831372 0.532129452990778 0.331099046682484 0.219081557201943 0.477709533760712 0.642445317770899 0.631161198993174 0.402017132794491 0.557389688513971 1 0.206800561775195 0.384969680882145 0.368862852889705 0.381229828273494 0.63281669175752 0.505694057195434 1
P 0.128587095296074 0.071045209144512 0.130820563278273 0.108619580987586 0 0.254225685905485 0.0968314729612699 0.00134762720861348 0.0928764348829236 0.161229963508051 0.159733167755726 0.139661489780065 0.137559137273146 0.206800561775195 1 0.150543269445096 0.132417029806127 0.00881315524329107 0.142791509721401 0.128224292326786 1
S 0.469816936655273 0.224425165760627 0.565234995936582 0.332849785047524 0.194657221309733 0.543917908326179 0.221004062756167 0.189067848592476 0.302873516867183 0.311349202825922 0.410637462276751 0.40993283353225 0.295366025423148 0.384969680882145 0.150543269445096 1 0.810395404171096 0.201714209059942 0.338825982767278 0.384598285590538 1
T 0.395347939748926 0.233720805808554 0.45999643166443 0.285636966530951 0.183166153382297 0.505572718919847 0.187103684529992 0.0626264746040635 0.227368293861601 0.335804063565042 0.402451296191047 0.364589561613481 0.235708713517092 0.368862852889705 0.132417029806127 0.810395404171096 1 0.201901930593614 0.348564107719791 0.432025499332074 1
W 0.207531046004255 0.12244200179486 0.17289003640754 0.177576027742223 0.0806269033462598 0.298918956010924 0.134458113158348 0.0314082871976475 0.0510661303866844 0.141831994678009 0.255072481017173 0.219040454084373 0.243860868071755 0.381229828273494 0.00881315524329107 0.201714209059942 0.201901930593614 1 0.325466839328181 0.0954045405289613 1
Y 0.179094769456573 0.359475655021219 0.511189621297762 0.387918145298121 0.14308875468446 0.451117694720615 0.244803910747593 0.197646237641074 0.351963514408881 0.546254728489206 0.369435883411404 0.364401661759313 0.26756064019455 0.63281669175752 0.142791509721401 0.338825982767278 0.348564107719791 0.325466839328181 1 0.454720649610261 1
V 0.386436056289226 0.331023389042189 0.33809296852426 0.305946424059272 0.269694872995945 0.45157121271283 0.30833025574927 0.161563578116217 0.223886353948569 0.788938733300011 0.561441471286248 0.340415209814685 0.306230013967086 0.505694057195434 0.128224292326786 0.384598285590538 0.432025499332074 0.0954045405289613 0.454720649610261 1 1
* 0 0 0 0 0 0 0 0 0 0 0 0 0 0 0 0 0 0 0 0 1
