A R N D C Q E G H I L K M F P S T W Y V *
A 1 0.335310933045181 0.448604026923263 0.534837510688785 0.282499701133853 0.570265756777545 0.598190295611833 0.377377398563338 0.44802499263559 0.568649804268863 0.679066682501738 0.472139631340961 0.580050730887962 0.471785687641835 0.140611697940452 0.578598272018066 0.594334362358359 0.279435025609759 0.265198814364345 0.641161092340758 1
R 0.335310933045181 1 0.592433211509971 0.472198493034591 0.117145320112599 0.656526148787669 0.402114160909999 0.294458095170509 0.619395719361356 0.424696025809598 0.389015372768099 0.818104889474325 0.387462552152639 0.495772194303774 0.0815348288817059 0.506497770306593 0.557027492905847 0.482334192812857 0.603265404352629 0.41590202389403 1
N 0.448604026923263 0.592433211509971 1 0.716560511679964 0.432527100869548 0.710074129351592 0.446080830209157 0.545590062973118 0.743625820706199 0.456594674145878 0.371900380974175 0.594230794578066 0.486225138921887 0.514463501308471 0.202155787048803 0.797191430406354 0.771868038823624 0.492390707300307 0.574057978701008 0.488256961836563 1
D 0.534837510688785 0.472198493034591 0.716560511679964 1 0.436174705958507 0.772992806518769 0.666488904611969 0.369779053832022 0.688272288042869 0.406064405223746 0.384836910714662 0.54532722246873 0.566614149476378 0.461237671321483 0.296383467662175 0.666148220553954 0.646698572633653 0.440609915770025 0.401724096061297 0.427606749644009 1
C 0.282499701133853 0.117145320112599 0.432527100869548 0.436174705958507 1 0.356275185500111 0.234760925124716 0.231659118075765 0.481203099629938 0.297132631445529 0.185479919890919 0.124839271048125 0.501414732777711 0.357509449956218 0 0.401652122325566 0.400910045835449 0.378401580479512 0.259531792630418 0.313952049950101 1
Q 0.570265756777545 0.656526148787669 0.710074129351592 0.772992806518769 0.356275185500111 1 0.688991874467994 0.345932760718681 0.790655530348035 0.526141746368165 0.514079655259916 0.72858219913508 0.645975848714956 0.592408612874574 0.236211242923749 0.652344607092042 0.691887067381387 0.552859494215568 0.524957368965563 0.52962284237292 1
E 0.598190295611833 0.402114160909999 0.446080830209157 0.666488904611969 0.234760925124716 0.688991874467994 1 0.151134816878025 0.516641905940155 0.359023374984715 0.441317198715647 0.537055848883866 0.567986607497564 0.380765888545819 0.179231766087741 0.444245677554418 0.456752335453054 0.319476661668141 0.230956570152293 0.371719660237613 1
G 0.377377398563338 0.294458095170509 0.545590062973118 0.369779053832022 0.231659118075765 0.345932760718681 0.151134816878025 1 0.341045040419485 0.383585131076141 0.3044875460644 0.324461932707922 0.216468451415872 0.321214839729286 0.0921892728264667 0.68692272961967 0.625259943772071 0.17989493717327 0.356308842190333 0.468539338398667 1
H 0.44802499263559 0.619395719361356 0.743625820706199 0.688272288042869 0.481203099629938 0.790655530348035 0.516641905940155 0.341045040419485 1 0.525959435931326 0.437132467277455 0.599548483499938 0.665240887944817 0.645740116726276 0.180221081005078 0.623344783604302 0.67602735147755 0.689023232388264 0.627715325762498 0.513256496721003 1
I 0.568649804268863 0.424696025809598 0.456594674145878 0.406064405223746 0.297132631445529 0.526141746368165 0.359023374984715 0.383585131076141 0.525959435931326 1 0.78747712424573 0.452591754158575 0.612144478432549 0.809441880343593 0.205400131582489 0.544421462704346 0.652049857265601 0.546054988167601 0.561746221300421 0.878326370015327 1
L 0.679066682501738 0.389015372768099 0.371900380974175 0.384836910714662 0.185479919890919 0.514079655259916 0.441317198715647 0.3044875460644 0.437132467277455 0.78747712424573 1 0.473431998176231 0.581409814411479 0.648143470473392 0.164646409873404 0.480411593121065 0.566823196155074 0.40322799906664 0.40082061511692 0.787430022274172 1
K 0.472139631340961 0.818104889474325 0.594230794578066 0.54532722246873 0.124839271048125 0.72858219913508 0.537055848883866 0.324461932707922 0.599548483499938 0.452591754158575 0.473431998176231 1 0.435611998582594 0.481457626839022 0.111708354949081 0.558793938457279 0.595000981258038 0.411584692471131 0.494297267010862 0.465025812948492 1
M 0.580050730887962 0.387462552152639 0.486225138921887 0.566614149476378 0.501414732777711 0.645975848714956 0.567986607497564 0.216468451415872 0.665240887944817 0.612144478432549 0.581409814411479 0.435611998582594 1 0.668135557698875 0.146560520569574 0.487324810885938 0.555608992670064 0.594128693257686 0.42691168537409 0.58938881235582 1
F 0.471785687641835 0.495772194303774 0.514463501308471 0.461237671321483 0.357509449956218 0.592408612874574 0.380765888545819 0.321214839729286 0.645740116726276 0.809441880343593 0.648143470473392 0.481457626839022 0.668135557698875 1 0.24509960334446 0.529896192612869 0.64529999669849 0.735808150486625 0.686256044056014 0.717342353368317 1
P 0.140611697940452 0.0815348288817059 0.202155787048803 0.296383467662175 0 0.236211242923749 0.179231766087741 0.0921892728264667 0.180221081005078 0.205400131582489 0.164646409873404 0.111708354949081 0.146560520569574 0.24509960334446 1 0.234723020327133 0.26641661303281 0.207894011435761 0.200500208383944 0.16745735893247 1
S 0.578598272018066 0.506497770306593 0.797191430406354 0.666148220553954 0.401652122325566 0.652344607092042 0.444245677554418 0.68692272961967 0.623344783604302 0.544421462704346 0.480411593121065 0.558793938457279 0.487324810885938 0.529896192612869 0.234723020327133 1 0.880975695117107 0.412358454152913 0.512000123567626 0.608925716812046 1
T 0.594334362358359 0.557027492905847 0.771868038823624 0.646698572633653 0.400910045835449 0.691887067381387 0.456752335453054 0.625259943772071 0.67602735147755 0.652049857265601 0.566823196155074 0.595000981258038 0.555608992670064 0.64529999669849 0.26641661303281 0.880975695117107 1 0.507477304082278 0.603319280302486 0.698618747921871 1
W 0.279435025609759 0.482334192812857 0.492390707300307 0.440609915770025 0.378401580479512 0.552859494215568 0.319476661668141 0.17989493717327 0.689023232388264 0.546054988167601 0.40322799906664 0.411584692471131 0.594128693257686 0.735808150486625 0.207894011435761 0.412358454152913 0.507477304082278 1 0.703350887068259 0.466545168021448 1
Y 0.265198814364345 0.603265404352629 0.574057978701008 0.401724096061297 0.259531792630418 0.524957368965563 0.230956570152293 0.356308842190333 0.627715325762498 0.561746221300421 0.40082061511692 0.494297267010862 0.42691168537409 0.686256044056014 0.200500208383944 0.512000123567626 0.603319280302486 0.703350887068259 1 0.510689830662498 1
V 0.641161092340758 0.41590202389403 0.488256961836563 0.427606749644009 0.313952049950101 0.52962284237292 0.371719660237613 0.468539338398667 0.513256496721003 0.878326370015327 0.787430022274172 0.465025812948492 0.58938881235582 0.717342353368317 0.16745735893247 0.608925716812046 0.698618747921871 0.466545168021448 0.510689830662498 1 1
* 0 0 0 0 0 0 0 0 0 0 0 0 0 0 0 0 0 0 0 0 1
