A R N D C Q E G H I L K M F P S T W Y V *
A 1 0.273550197299247 0.354071592353289 0.408241191184333 0.322990276508629 0.441583714162156 0.514053306807178 0.368951441606022 0.312180431996013 0.490593117763219 0.673515651027727 0.419544596673079 0.481264601685784 0.329626682360091 0.0788928539084705 0.522694419302835 0.534425669593698 0.0566191261382665 0.13651378352193 0.605235821731287 1
R 0.273550197299247 1 0.597503494561214 0.649594130514755 0.344652292087803 0.818871816295678 0.636281869432569 0.0924045205386061 0.757004003594731 0.293060430586326 0.285266367222326 0.790354336384633 0.508713722756321 0.414567493537795 0.238808791654675 0.419503443103204 0.473552296966775 0.4373975352931 0.479312994361228 0.265493143100661 1
N 0.354071592353289 0.597503494561214 1 0.857386709553356 0.562554707806028 0.702551925843239 0.485645913678595 0.45871248183886 0.686516700752253 0.369551320781312 0.302920634795134 0.573329765405762 0.438809822365834 0.436150385284666 0.60227751605944 0.747959912993426 0.746993881625537 0.373801152097313 0.53785729400802 0.380689760383902 1
D 0.408241191184333 0.649594130514755 0.857386709553356 1 0.455294883073273 0.769321855666147 0.607816134305414 0.410222845509194 0.652688685452341 0.327148356387069 0.312425911868607 0.682342574024648 0.42989222300248 0.372906459409094 0.47142865889413 0.717089927682076 0.693467089491293 0.296323149424855 0.435711589729952 0.352642956905862 1
C 0.322990276508629 0.344652292087803 0.562554707806028 0.455294883073273 1 0.450565867594905 0.226315868482404 0.435685745803903 0.574986271170676 0.653407126898112 0.445476115374252 0.291264641118905 0.55758879621683 0.709592196760574 0.538198247963517 0.586653089520386 0.700283740658791 0.532866616654859 0.678912478835549 0.609203824139006 1
Q 0.441583714162156 0.818871816295678 0.702551925843239 0.769321855666147 0.450565867594905 1 0.721703352804421 0.253145628577418 0.775120411354285 0.414236452016916 0.421547309058185 0.836071771130522 0.5938393329632 0.484219712002015 0.317140948488769 0.581989150584709 0.632643626022557 0.411162795095439 0.490559760679186 0.411964254190114 1
E 0.514053306807178 0.636281869432569 0.485645913678595 0.607816134305414 0.226315868482404 0.721703352804421 1 0.153541179146664 0.50461637026851 0.281883568676246 0.395080883351126 0.84332596046869 0.462541729220102 0.28209344991447 0.0915583184995596 0.451558723231833 0.462388370530314 0.162883185269728 0.220651037038181 0.316416971271606 1
G 0.368951441606022 0.0924045205386061 0.45871248183886 0.410222845509194 0.435685745803903 0.253145628577418 0.153541179146664 1 0.217308666541775 0.288413082598482 0.236740377776094 0.150150643348543 0.17559807572346 0.199496437805392 0.492259081964467 0.671057786469928 0.582142596580604 0 0.176859271746422 0.376446383546708 1
H 0.312180431996013 0.757004003594731 0.686516700752253 0.652688685452341 0.574986271170676 0.775120411354285 0.50461637026851 0.217308666541775 1 0.472897157080664 0.388775258495941 0.628761474565752 0.638370229556129 0.625952142698593 0.3963804709343 0.525197943693751 0.620136549162166 0.627854172231393 0.70762474016362 0.423518324160672 1
I 0.490593117763219 0.293060430586326 0.369551320781312 0.327148356387069 0.653407126898112 0.414236452016916 0.281883568676246 0.288413082598482 0.472897157080664 1 0.745571575639572 0.295813125965986 0.736357798424797 0.757836396155817 0.212511643856309 0.454551414197927 0.577971176944239 0.43181893789186 0.469571802328166 0.860274304530687 1
L 0.673515651027727 0.285266367222326 0.302920634795134 0.312425911868607 0.445476115374252 0.421547309058185 0.395080883351126 0.236740377776094 0.388775258495941 0.745571575639572 1 0.355654110746924 0.699463229167966 0.559270343114699 0.0616842207341419 0.417489628952218 0.509126797030414 0.254894979145204 0.282846719335927 0.799477653151855 1
K 0.419544596673079 0.790354336384633 0.573329765405762 0.682342574024648 0.291264641118905 0.836071771130522 0.84332596046869 0.150150643348543 0.628761474565752 0.295813125965986 0.355654110746924 1 0.496524283248184 0.346726693839414 0.177150137304751 0.470943008025061 0.49720836819923 0.279531954311983 0.337133461698802 0.305421287332179 1
M 0.481264601685784 0.508713722756321 0.438809822365834 0.42989222300248 0.55758879621683 0.5938393329632 0.462541729220102 0.17559807572346 0.638370229556129 0.736357798424797 0.699463229167966 0.496524283248184 1 0.768722993374464 0.176298645245454 0.437758694647225 0.563034969276923 0.532516381432886 0.52921482706421 0.667621063771894 1
F 0.329626682360091 0.414567493537795 0.436150385284666 0.372906459409094 0.709592196760574 0.484219712002015 0.28209344991447 0.199496437805392 0.625952142698593 0.757836396155817 0.559270343114699 0.346726693839414 0.768722993374464 1 0.283960085870479 0.419911744140777 0.558632049133578 0.67396228017646 0.683016959071647 0.637326953206517 1
P 0.0788928539084705 0.238808791654675 0.60227751605944 0.47142865889413 0.538198247963517 0.317140948488769 0.0915583184995596 0.492259081964467 0.3963804709343 0.212511643856309 0.0616842207341419 0.177150137304751 0.176298645245454 0.283960085870479 1 0.545268449740102 0.52940201486583 0.261219454961902 0.460981327926919 0.213014913227864 1
S 0.522694419302835 0.419503443103204 0.747959912993426 0.717089927682076 0.586653089520386 0.581989150584709 0.451558723231833 0.671057786469928 0.525197943693751 0.454551414197927 0.417489628952218 0.470943008025061 0.437758694647225 0.419911744140777 0.545268449740102 1 0.861236065503274 0.245068481768982 0.407432964178414 0.516211579638774 1
T 0.534425669593698 0.473552296966775 0.746993881625537 0.693467089491293 0.700283740658791 0.632643626022557 0.462388370530314 0.582142596580604 0.620136549162166 0.577971176944239 0.509126797030414 0.49720836819923 0.563034969276923 0.558632049133578 0.52940201486583 0.861236065503274 1 0.368121917185328 0.51867086426539 0.616790690956267 1
W 0.0566191261382665 0.4373975352931 0.373801152097313 0.296323149424855 0.532866616654859 0.411162795095439 0.162883185269728 0 0.627854172231393 0.43181893789186 0.254894979145204 0.279531954311983 0.532516381432886 0.67396228017646 0.261219454961902 0.245068481768982 0.368121917185328 1 0.799471664994972 0.316619734196418 1
Y 0.13651378352193 0.479312994361228 0.53785729400802 0.435711589729952 0.678912478835549 0.490559760679186 0.220651037038181 0.176859271746422 0.70762474016362 0.469571802328166 0.282846719335927 0.337133461698802 0.52921482706421 0.683016959071647 0.460981327926919 0.407432964178414 0.51867086426539 0.799471664994972 1 0.380866812559533 1
V 0.605235821731287 0.265493143100661 0.380689760383902 0.352642956905862 0.609203824139006 0.411964254190114 0.316416971271606 0.376446383546708 0.423518324160672 0.860274304530687 0.799477653151855 0.305421287332179 0.667621063771894 0.637326953206517 0.213014913227864 0.516211579638774 0.616790690956267 0.316619734196418 0.380866812559533 1 1
* 0 0 0 0 0 0 0 0 0 0 0 0 0 0 0 0 0 0 0 0 1
