A R N D C Q E G H I L K M F P S T W Y V *
A 1 0.412984599643479 0.683757119932484 0.59746709092179 0.848238249176708 0.583468377858284 0.494899977599283 0.498482876277408 0.623804468532013 0.638353372981312 0.680399068997914 0.455606305861829 0.604076429928665 0.619325288738001 0.672532267482076 0.766158129178894 0.909305490233548 0.50130645849104 0.71278678105005 0.712040064460613 1
R 0.412984599643479 1 0.573363676964954 0.619762176382418 0.313338215767948 0.82316363604787 0.868401809141063 0.014553533187198 0.763326262903153 0.238775851293098 0.318459097626097 0.909091332658449 0.480877291380729 0.369980465016714 0.285173211918574 0.371933497778364 0.42815303722377 0.510885402406574 0.567110580699269 0.229217092211031 1
N 0.683757119932484 0.573363676964954 1 0.908281437750284 0.53335791372604 0.734751406194252 0.698817039743638 0.432979904815165 0.659537026302832 0.346368291260411 0.406977561701758 0.652398082696913 0.432661987334141 0.386663613790153 0.708287049029756 0.780196602451904 0.756982072774886 0.37436932216138 0.573954418684564 0.401293784798342 1
D 0.59746709092179 0.619762176382418 0.908281437750284 1 0.449148478709449 0.756391183915232 0.751005687434223 0.359315897059756 0.650886694163819 0.272728062452762 0.337653415474044 0.706538468814287 0.387990472427171 0.328418044401289 0.635428229462733 0.694698427121896 0.666575542225967 0.34405828732346 0.527615374682758 0.320199603175834 1
C 0.848238249176708 0.313338215767948 0.53335791372604 0.449148478709449 1 0.471172657411622 0.37598000007352 0.440207333980103 0.543608314169022 0.772684459456593 0.790772940826715 0.341374724927357 0.639281493854822 0.699892352158622 0.551515037724702 0.631093582670899 0.761579009795068 0.523392371486346 0.696953972364618 0.861972139080026 1
Q 0.583468377858284 0.82316363604787 0.734751406194252 0.756391183915232 0.471172657411622 1 0.901420403189921 0.187999947706452 0.865929079101931 0.363191205785261 0.440153865368848 0.870183171350482 0.559996268604212 0.468533250454036 0.455075571471649 0.545789137288277 0.604346426116136 0.548892238729052 0.679607388950911 0.372380232810642 1
E 0.494899977599283 0.868401809141063 0.698817039743638 0.751005687434223 0.37598000007352 0.901420403189921 1 0.133978175234269 0.777596671189201 0.26476683570462 0.341964305645317 0.953543283729682 0.469692982843145 0.373382972627501 0.407715085195723 0.48884878777352 0.525860683908852 0.470679861912356 0.583470451636226 0.274399368367036 1
G 0.498482876277408 0.014553533187198 0.432979904815165 0.359315897059756 0.440207333980103 0.187999947706452 0.133978175234269 1 0.167403032432266 0.227473724732774 0.231322182056837 0.087585753997157 0.105688877103215 0.142798332975087 0.723679210250312 0.642210772601778 0.546411709579902 0 0.212186234679454 0.338522194372876 1
H 0.623804468532013 0.763326262903153 0.659537026302832 0.650886694163819 0.543608314169022 0.865929079101931 0.777596671189201 0.167403032432266 1 0.473420591034346 0.552631624916521 0.762850306983285 0.691979368211463 0.593862111371118 0.416020380129351 0.517083158555876 0.614385000522726 0.681700188049526 0.800322253716348 0.465635120522658 1
I 0.638353372981312 0.238775851293098 0.346368291260411 0.272728062452762 0.772684459456593 0.363191205785261 0.26476683570462 0.227473724732774 0.473420591034346 1 0.920063025947213 0.240529467960263 0.71375959213335 0.831075920661863 0.324735434171136 0.40826907187201 0.547659168161857 0.607006084753855 0.671641578453099 0.886670484099155 1
L 0.680399068997914 0.318459097626097 0.406977561701758 0.337653415474044 0.790772940826715 0.440153865368848 0.341964305645317 0.231322182056837 0.552631624916521 0.920063025947213 1 0.318775127961542 0.786041397648852 0.892014113049787 0.356223413610898 0.446617461581307 0.591078946440297 0.673851010732971 0.751346228291096 0.855823666043733 1
K 0.455606305861829 0.909091332658449 0.652398082696913 0.706538468814287 0.341374724927357 0.870183171350482 0.953543283729682 0.087585753997157 0.762850306983285 0.240529467960263 0.318775127961542 1 0.4585148304004 0.356772880801565 0.361258409012442 0.442711659825729 0.482962934651996 0.469622035604404 0.56413229188523 0.244432129339454 1
M 0.604076429928665 0.480877291380729 0.432661987334141 0.387990472427171 0.639281493854822 0.559996268604212 0.469692982843145 0.105688877103215 0.691979368211463 0.71375959213335 0.786041397648852 0.4585148304004 1 0.877811188767832 0.28869178663673 0.391489275460519 0.534501252165541 0.882731811732736 0.858707458294572 0.648209351713268 1
F 0.619325288738001 0.369980465016714 0.386663613790153 0.328418044401289 0.699892352158622 0.468533250454036 0.373382972627501 0.142798332975087 0.593862111371118 0.831075920661863 0.892014113049787 0.356772880801565 0.877811188767832 1 0.29211582016424 0.389182796615529 0.536090987170278 0.775913273354708 0.788489549397754 0.747848252542974 1
P 0.672532267482076 0.285173211918574 0.708287049029756 0.635428229462733 0.551515037724702 0.455075571471649 0.407715085195723 0.723679210250312 0.416020380129351 0.324735434171136 0.356223413610898 0.361258409012442 0.28869178663673 0.29211582016424 1 0.89500059930762 0.753558863960618 0.197908925988047 0.416018889834226 0.418615456837881 1
S 0.766158129178894 0.371933497778364 0.780196602451904 0.694698427121896 0.631093582670899 0.545789137288277 0.48884878777352 0.642210772601778 0.517083158555876 0.40826907187201 0.446617461581307 0.442711659825729 0.391489275460519 0.389182796615529 0.89500059930762 1 0.853091770531746 0.302406232291865 0.520447865394868 0.494102292110713 1
T 0.909305490233548 0.42815303722377 0.756982072774886 0.666575542225967 0.761579009795068 0.604346426116136 0.525860683908852 0.546411709579902 0.614385000522726 0.547659168161857 0.591078946440297 0.482962934651996 0.534501252165541 0.536090987170278 0.753558863960618 0.853091770531746 1 0.440034494687857 0.657517022309144 0.623862181717892 1
W 0.50130645849104 0.510885402406574 0.37436932216138 0.34405828732346 0.523392371486346 0.548892238729052 0.470679861912356 0 0.681700188049526 0.607006084753855 0.673851010732971 0.469622035604404 0.882731811732736 0.775913273354708 0.197908925988047 0.302406232291865 0.440034494687857 1 0.781878707870938 0.532923074866208 1
Y 0.71278678105005 0.567110580699269 0.573954418684564 0.527615374682758 0.696953972364618 0.679607388950911 0.583470451636226 0.212186234679454 0.800322253716348 0.671641578453099 0.751346228291096 0.56413229188523 0.858707458294572 0.788489549397754 0.416018889834226 0.520447865394868 0.657517022309144 0.781878707870938 1 0.650552409385631 1
V 0.712040064460613 0.229217092211031 0.401293784798342 0.320199603175834 0.861972139080026 0.372380232810642 0.274399368367036 0.338522194372876 0.465635120522658 0.886670484099155 0.855823666043733 0.244432129339454 0.648209351713268 0.747848252542974 0.418615456837881 0.494102292110713 0.623862181717892 0.532923074866208 0.650552409385631 1 1
* 0 0 0 0 0 0 0 0 0 0 0 0 0 0 0 0 0 0 0 0 1
