A R N D C Q E G H I L K M F P S T W Y V *
A 1 0.258993857775212 0.399598263315227 0.310062539294299 0.208757059472925 0.540009184023654 0.477149878939086 0.335972943439635 0.454006183366864 0.455403995041242 0.657496919215069 0.461193050957972 0.565044665273663 0.447774522320124 0.131304230109928 0.505763802757382 0.426783367485123 0.248612552196259 0.201621758476724 0.438826119557894 1
R 0.258993857775212 1 0.397812741929915 0.152886785763903 0.128473720011753 0.600751342886064 0.22148157906616 0.0846364098061003 0.517893078799466 0.329287135532635 0.298655228775173 0.71819986546783 0.28688965746917 0.33427221313149 0.0820516956266824 0.445297988901631 0.473677854134172 0.231958132593201 0.391227125426236 0.341817263102864 1
N 0.399598263315227 0.397812741929915 1 0.61716049467225 0.297489777872119 0.625567698019885 0.447464906829066 0.405775622797217 0.622071365882625 0.433610495636173 0.367970625935974 0.477107445503518 0.361891917081031 0.513422603258427 0.142222406067422 0.714713117943331 0.611473068834914 0.447385132315382 0.570114434297194 0.397955144784731 1
D 0.310062539294299 0.152886785763903 0.61716049467225 1 0.157863951424622 0.467551981092202 0.626646491369694 0.139241392359127 0.376198459078493 0.333887855857616 0.279224488125648 0.255295387946687 0.225035316694607 0.372281581966648 0.0888304608639884 0.480723931303263 0.439917727538855 0.313559961715149 0.375930356975323 0.288815769666921 1
C 0.208757059472925 0.128473720011753 0.297489777872119 0.157863951424622 1 0.334973440202663 0.106596519473963 0.0287915213658204 0.399392280227975 0.23786304101879 0.12491569771678 0.105365905395106 0.362920482381912 0.234849013227479 0 0.366109971320118 0.361378509490182 0.163071977769848 0.151087102150159 0.27275422817418 1
Q 0.540009184023654 0.600751342886064 0.625567698019885 0.467551981092202 0.334973440202663 1 0.562768322888011 0.225150252412921 0.741610948506673 0.487020418333157 0.498486131588094 0.699853510801637 0.553987162197504 0.536384501967164 0.239502021497818 0.638744092445127 0.612375923199078 0.423776712128418 0.455224890534059 0.464655494376801 1
E 0.477149878939086 0.22148157906616 0.447464906829066 0.626646491369694 0.106596519473963 0.562768322888011 1 0.0457901430512102 0.399043526008238 0.340197382520718 0.409570892843566 0.381193354294855 0.362713892031847 0.367079758209319 0.0896753057487083 0.399159295951011 0.372137344166873 0.270709481576826 0.240252384972526 0.296970675649333 1
G 0.335972943439635 0.0846364098061003 0.405775622797217 0.139241392359127 0.0287915213658204 0.225150252412921 0.0457901430512102 1 0.287514949748379 0.18390615385701 0.241903795576284 0.233819267305314 0.189856781819398 0.265521939381209 0.00224041834154109 0.413295755004857 0.257360935212182 0.170218350344981 0.202561272752643 0.152600362564911 1
H 0.454006183366864 0.517893078799466 0.622071365882625 0.376198459078493 0.399392280227975 0.741610948506673 0.399043526008238 0.287514949748379 1 0.422174442831892 0.424651731135568 0.594613428576448 0.646582635296832 0.587671356099705 0.178530823075794 0.548318213167726 0.492206709741053 0.575641528628832 0.489650118767497 0.361761549367656 1
I 0.455403995041242 0.329287135532635 0.433610495636173 0.333887855857616 0.23786304101879 0.487020418333157 0.340197382520718 0.18390615385701 0.422174442831892 1 0.693279936568969 0.358280618538244 0.396878242103513 0.686152948775634 0.155234726837059 0.539842013016116 0.630569713247361 0.390920303389493 0.547045887452481 0.811417925597577 1
L 0.657496919215069 0.298655228775173 0.367970625935974 0.279224488125648 0.12491569771678 0.498486131588094 0.409570892843566 0.241903795576284 0.424651731135568 0.693279936568969 1 0.439000324518728 0.509452969593746 0.643206344563924 0.145005908244433 0.457908882843217 0.465388956252255 0.369699157654668 0.375048356686014 0.598314203097173 1
K 0.461193050957972 0.71819986546783 0.477107445503518 0.255295387946687 0.105365905395106 0.699853510801637 0.381193354294855 0.233819267305314 0.594613428576448 0.358280618538244 0.439000324518728 1 0.418933982810125 0.411395132070694 0.122091434230091 0.498027655813323 0.456704250998141 0.30403897543954 0.36380204073094 0.340396563056465 1
M 0.565044665273663 0.28688965746917 0.361891917081031 0.225035316694607 0.362920482381912 0.553987162197504 0.362713892031847 0.189856781819398 0.646582635296832 0.396878242103513 0.509452969593746 0.418933982810125 1 0.54782042003392 0.126512317860706 0.365505946170588 0.321055388223534 0.483832491581649 0.265027876939143 0.320762895215523 1
F 0.447774522320124 0.33427221313149 0.513422603258427 0.372281581966648 0.234849013227479 0.536384501967164 0.367079758209319 0.265521939381209 0.587671356099705 0.686152948775634 0.643206344563924 0.411395132070694 0.54782042003392 1 0.192189372343875 0.479742212307943 0.490277722006765 0.692426737956682 0.641451395247036 0.52256733705505 1
P 0.131304230109928 0.0820516956266824 0.142222406067422 0.0888304608639884 0 0.239502021497818 0.0896753057487083 0.00224041834154109 0.178530823075794 0.155234726837059 0.145005908244433 0.122091434230091 0.126512317860706 0.192189372343875 1 0.215503686084206 0.210904136857356 0.109351784606183 0.122164365391913 0.110207212041283 1
S 0.505763802757382 0.445297988901631 0.714713117943331 0.480723931303263 0.366109971320118 0.638744092445127 0.399159295951011 0.413295755004857 0.548318213167726 0.539842013016116 0.457908882843217 0.498027655813323 0.365505946170588 0.479742212307943 0.215503686084206 1 0.813165057080729 0.297166531395305 0.478784506989255 0.579358607329856 1
T 0.426783367485123 0.473677854134172 0.611473068834914 0.439917727538855 0.361378509490182 0.612375923199078 0.372137344166873 0.257360935212182 0.492206709741053 0.630569713247361 0.465388956252255 0.456704250998141 0.321055388223534 0.490277722006765 0.210904136857356 0.813165057080729 1 0.277829062439158 0.522865907690876 0.701706297420482 1
W 0.248612552196259 0.231958132593201 0.447385132315382 0.313559961715149 0.163071977769848 0.423776712128418 0.270709481576826 0.170218350344981 0.575641528628832 0.390920303389493 0.369699157654668 0.30403897543954 0.483832491581649 0.692426737956682 0.109351784606183 0.297166531395305 0.277829062439158 1 0.565590847086185 0.238105159094758 1
Y 0.201621758476724 0.391227125426236 0.570114434297194 0.375930356975323 0.151087102150159 0.455224890534059 0.240252384972526 0.202561272752643 0.489650118767497 0.547045887452481 0.375048356686014 0.36380204073094 0.265027876939143 0.641451395247036 0.122164365391913 0.478784506989255 0.522865907690876 0.565590847086185 1 0.443222211497652 1
V 0.438826119557894 0.341817263102864 0.397955144784731 0.288815769666921 0.27275422817418 0.464655494376801 0.296970675649333 0.152600362564911 0.361761549367656 0.811417925597577 0.598314203097173 0.340396563056465 0.320762895215523 0.52256733705505 0.110207212041283 0.579358607329856 0.701706297420482 0.238105159094758 0.443222211497652 1 1
* 0 0 0 0 0 0 0 0 0 0 0 0 0 0 0 0 0 0 0 0 1
