A R N D C Q E G H I L K M F P S T W Y V *
A 1 0.146621945208045 0.24521468084662 0.278206479929488 0.135693603188842 0.359376768221057 0.413587274962123 0.258859025270089 0.190699919080709 0.315905971987848 0.398282512905474 0.231280352058817 0.292348726453873 0.370985637185711 0.135197380047067 0.440343674165587 0.381442467547705 0.207917485587554 0.136005306403319 0.364152370492117 1
R 0.146621945208045 1 0.0894481095226073 0.123184761969701 0.0278687799580621 0.202615553904401 0.145059507536003 0.0340409915203329 0.0388240500436832 0.0962868243927824 0.103894267765045 0.0806610219343703 0.045389357808042 0.244390342598152 0.00226899887920273 0.162115248684544 0.151803435849767 0 0.204625690522746 0.149820731465241 1
N 0.24521468084662 0.0894481095226073 1 0.441457778937447 0.18396294276175 0.377585908993471 0.251464202752435 0.189475924330796 0.256026699637584 0.282510890527549 0.311998077877735 0.300100431757688 0.179816892935932 0.434131392076934 0.117390694009959 0.525150917627184 0.281122233034814 0.0908293021125242 0.457912560998092 0.205925572286919 1
D 0.278206479929488 0.123184761969701 0.441457778937447 1 0.136164296575362 0.3542441045395 0.581368905409017 0.15160658746817 0.0984380040561401 0.280471165317218 0.175824499306649 0.0829137002955984 0.142836561615276 0.368971702461378 0.11752866247177 0.343160524825424 0.263070485797843 0.137375875882834 0.368245078624881 0.24978164552012 1
C 0.135693603188842 0.0278687799580621 0.18396294276175 0.136164296575362 1 0.161120194165303 0.0963550364761134 0.00820121265299734 0.0138695570692926 0.162844642656738 0.0796323682026048 0.048192768600516 0.0799561289985742 0.153386679943095 0.00404018649610094 0.184956548713857 0.084251522946184 0.043798625081086 0.111705645218999 0.183219013501449 1
Q 0.359376768221057 0.202615553904401 0.377585908993471 0.3542441045395 0.161120194165303 1 0.373365694254953 0.149766222895908 0.133147166466581 0.381565807659775 0.157162881253571 0.408089636570506 0.486377210047551 0.343812959545617 0.18541990826572 0.422854862977065 0.392692984879924 0.172949906405824 0.422446062483318 0.345981581371015 1
E 0.413587274962123 0.145059507536003 0.251464202752435 0.581368905409017 0.0963550364761134 0.373365694254953 1 0.0817434435481018 0.149278898321235 0.321047377120873 0.200591225021419 0.208393974506458 0.156178643684795 0.285441547185872 0.108626583934092 0.208723252818078 0.184328190144122 0.146815075719488 0.205089572703757 0.307118118254806 1
G 0.258859025270089 0.0340409915203329 0.189475924330796 0.15160658746817 0.00820121265299734 0.149766222895908 0.0817434435481018 1 0.0142812970752673 0.178235128595054 0.0393272528671983 0.0681377357817599 0.0687112254452287 0.188627624612308 0.0131447140757082 0.183529754549862 0.0769323710492421 0.0303661915926933 0.184079802196242 0.163664206037815 1
H 0.190699919080709 0.0388240500436832 0.256026699637584 0.0984380040561401 0.0138695570692926 0.133147166466581 0.149278898321235 0.0142812970752673 1 0.187206711443587 0.0315880637772178 0.0823791154555207 0.0826336642966939 0.264297413080933 0.0178426565836505 0.151107224244277 0.143199765304204 0.0377839809392319 0.120891066912895 0.167198250673707 1
I 0.315905971987848 0.0962868243927824 0.282510890527549 0.280471165317218 0.162844642656738 0.381565807659775 0.321047377120873 0.178235128595054 0.187206711443587 1 0.291252679362639 0.250597388957706 0.222001128966275 0.457447714647436 0.156070763291303 0.26636296484023 0.295587588456488 0.140024026108733 0.487923801038705 0.751848017211535 1
L 0.398282512905474 0.103894267765045 0.311998077877735 0.175824499306649 0.0796323682026048 0.157162881253571 0.200591225021419 0.0393272528671983 0.0315880637772178 0.291252679362639 1 0.18859986118598 0.12741117405024 0.496649574115895 0.0800009472979678 0.316352677928984 0.133197864432526 0.0788229234393343 0.218441834175298 0.227041263300056 1
K 0.231280352058817 0.0806610219343703 0.300100431757688 0.0829137002955984 0.048192768600516 0.408089636570506 0.208393974506458 0.0681377357817599 0.0823791154555207 0.250597388957706 0.18859986118598 1 0.0619856227648325 0.137943618775258 0.0504068579292842 0.232837696276216 0.115359115196173 0.108532438013724 0.228932286223858 0.196263500298905 1
M 0.292348726453873 0.045389357808042 0.179816892935932 0.142836561615276 0.0799561289985742 0.486377210047551 0.156178643684795 0.0687112254452287 0.0826336642966939 0.222001128966275 0.12741117405024 0.0619856227648325 1 0.379880838036814 0.040175912182558 0.199826298927304 0.148590851596231 0.0502584699214226 0.221485547093541 0.146080586588176 1
F 0.370985637185711 0.244390342598152 0.434131392076934 0.368971702461378 0.153386679943095 0.343812959545617 0.285441547185872 0.188627624612308 0.264297413080933 0.457447714647436 0.496649574115895 0.137943618775258 0.379880838036814 1 0.193312899933342 0.38378880782987 0.298289302021663 0.27747740785096 0.543443575644057 0.356434691359059 1
P 0.135197380047067 0.00226899887920273 0.117390694009959 0.11752866247177 0.00404018649610094 0.18541990826572 0.108626583934092 0.0131447140757082 0.0178426565836505 0.156070763291303 0.0800009472979678 0.0504068579292842 0.040175912182558 0.193312899933342 1 0.162749485688685 0.11434974932486 0.00934224717371557 0.139392629272319 0.115466668441322 1
S 0.440343674165587 0.162115248684544 0.525150917627184 0.343160524825424 0.184956548713857 0.422854862977065 0.208723252818078 0.183529754549862 0.151107224244277 0.26636296484023 0.316352677928984 0.232837696276216 0.199826298927304 0.38378880782987 0.162749485688685 1 0.652391941692318 0.158835465794905 0.332707860444675 0.312352248246879 1
T 0.381442467547705 0.151803435849767 0.281122233034814 0.263070485797843 0.084251522946184 0.392692984879924 0.184328190144122 0.0769323710492421 0.143199765304204 0.295587588456488 0.133197864432526 0.115359115196173 0.148590851596231 0.298289302021663 0.11434974932486 0.652391941692318 1 0.178625859894681 0.285051415971218 0.411387459485599 1
W 0.207917485587554 0 0.0908293021125242 0.137375875882834 0.043798625081086 0.172949906405824 0.146815075719488 0.0303661915926933 0.0377839809392319 0.140024026108733 0.0788229234393343 0.108532438013724 0.0502584699214226 0.27747740785096 0.00934224717371557 0.158835465794905 0.178625859894681 1 0.242038177594445 0.107136426094518 1
Y 0.136005306403319 0.204625690522746 0.457912560998092 0.368245078624881 0.111705645218999 0.422446062483318 0.205089572703757 0.184079802196242 0.120891066912895 0.487923801038705 0.218441834175298 0.228932286223858 0.221485547093541 0.543443575644057 0.139392629272319 0.332707860444675 0.285051415971218 0.242038177594445 1 0.366424217191902 1
V 0.364152370492117 0.149820731465241 0.205925572286919 0.24978164552012 0.183219013501449 0.345981581371015 0.307118118254806 0.163664206037815 0.167198250673707 0.751848017211535 0.227041263300056 0.196263500298905 0.146080586588176 0.356434691359059 0.115466668441322 0.312352248246879 0.411387459485599 0.107136426094518 0.366424217191902 1 1
* 0 0 0 0 0 0 0 0 0 0 0 0 0 0 0 0 0 0 0 0 1
