A R N D C Q E G H I L K M F P S T W Y V *
A 1 0.000235783440863946 0.0293823124837247 0.00155263196868505 3.08870868677147e-05 0.00169741570868998 9.1854355578902e-05 0.00137648786346178 0.000228271442095362 0.0797710209184536 0.00636453321001573 0.00127906008395295 0.00711426516638913 0.000563328089458248 0.0031146029088841 0.0130429279088038 0.00170453065849874 0.00481247958496989 0.000336689108698329 0.135097842804256 1
R 0.000235783440863946 1 0.0242554486449288 0.000577776771632177 9.59654228489537e-05 0.000667286869604267 3.32899924920804e-05 0.000472462335646462 5.33607857899909e-08 0.0893120908885882 0.00414260724828841 0.000416159103189262 0.00475041702040513 7.01653033235994e-05 0.00163434825347031 0.0168309780633449 0.000671747216005159 0.00291311203535283 8.95168449877026e-06 0.122855118735433 1
N 0.0293823124837247 0.0242554486449288 1 0.0172470805699442 0.0274673158949391 0.016773050744901 0.0261221998649538 0.0178646769879243 0.0243337374476003 0.225037606285078 0.00822367718563655 0.0182285021944807 0.0074153937012994 0.0216729609290176 0.013170355355353 0.0841894770109166 0.0167504594406174 0.0102250801570415 0.0233153965806367 0.0347460287496258 1
D 0.00155263196868505 0.000577776771632177 0.0172470805699442 1 0.00114511765192693 3.21123749313923e-06 0.000888666623288681 5.28198451743567e-06 0.00058969503650208 0.105507926713397 0.00162240051610063 1.32104882647477e-05 0.0020097466725153 0.000245161163067276 0.000268233831800413 0.0237588839257764 3.52776399636934e-06 0.000894422320000476 0.000442793246824613 0.105085225711525 1
C 3.08870868677147e-05 9.59654228489537e-05 0.0274673158949391 0.00114511765192693 1 0.00126987311763838 1.62013453596233e-05 0.000994636958239536 9.1195378527309e-05 0.0831539583055094 0.00550488638774238 0.000912108860168237 0.00620312909458354 0.000330308959871739 0.00252391868318214 0.014357246785905 0.00127602615140121 0.00406983031531893 0.000163577469766918 0.130583529821092 1
Q 0.00169741570868998 0.000667286869604267 0.016773050744901 3.21123749313923e-06 0.00126987311763838 1 0.000998929755375855 1.67529689594215e-05 0.000680091419349216 0.106780562668672 0.00148093190276388 2.94745785440753e-05 0.00185188487943289 0.000304575005216079 0.0002126765574616 0.024325500511693 0 0.000790267228292452 0.000521545737609097 0.103824577412274 1
E 9.1854355578902e-05 3.32899924920804e-05 0.0261221998649538 0.000888666623288681 1.62013453596233e-05 0.000998929755375855 1 0.000756756913931733 3.05054439724284e-05 0.0856543340488405 0.0049214590977128 0.000685011338122932 0.00558248998206046 0.000200153397415304 0.0021349551420573 0.0153495285534239 0.00100438677168102 0.00357097709226761 7.67946866168101e-05 0.12737248196046 1
G 0.00137648786346178 0.000472462335646462 0.0178646769879243 5.28198451743567e-06 0.000994636958239536 1.67529689594215e-05 0.000756756913931733 1 0.000483244776651071 0.103889641605294 0.00181321585519378 1.77684721403004e-06 0.00222158805582406 0.000178418817722958 0.000348877856516272 0.0230426368978053 1.74657578663195e-05 0.00103738341023474 0.000351265564040193 0.106714436319097 1
H 0.000228271442095362 5.33607857899909e-08 0.0243337374476003 0.00058969503650208 9.1195378527309e-05 0.000680091419349216 3.05054439724284e-05 0.000483244776651071 1 0.089154016328995 0.00417450398083319 0.000426282016758539 0.00478458503732027 7.4356806947895e-05 0.00165436764125593 0.0167662518667226 0.000684594329147581 0.00293984483570098 1.04883541129919e-05 0.123046095990023 1
I 0.0797710209184536 0.0893120908885882 0.225037606285078 0.105507926713397 0.0831539583055094 0.106780562668672 0.0856543340488405 0.103889641605294 0.089154016328995 1 0.136310344016451 0.10295649459162 0.140093477942077 0.0947792358290349 0.117463737783234 0.0269032097644776 0.106841898602639 0.127923325563182 0.0912440910279838 0.550580688870927 1
L 0.00636453321001573 0.00414260724828841 0.00822367718563655 0.00162240051610063 0.00550488638774238 0.00148093190276388 0.0049214590977128 0.00181321585519378 0.00417450398083319 0.136310344016451 1 0.00192892398296329 2.06495094103865e-05 0.00313190821187914 0.00057068738044086 0.0381641876461407 0.00147430163247508 0.000107378810865533 0.0037651735658637 0.0788876781273523 1
K 0.00127906008395295 0.000416159103189262 0.0182285021944807 1.32104882647477e-05 0.000912108860168237 2.94745785440753e-05 0.000685011338122932 1.77684721403004e-06 0.000426282016758539 0.10295649459162 0.00192892398296329 1 0.00234951407617867 0.000144513909255628 0.000400577221964404 0.0226318499594034 3.04175264602691e-05 0.00112528649400012 0.00030296788889439 0.107667490588363 1
M 0.00711426516638913 0.00475041702040513 0.0074153937012994 0.0020097466725153 0.00620312909458354 0.00185188487943289 0.00558248998206046 0.00222158805582406 0.00478458503732027 0.140093477942077 2.06495094103865e-05 0.00234951407617867 1 0.00366267425172173 0.00080862860012143 0.040015985029778 0.00184446763159796 0.000222248472188435 0.00434542609117416 0.0761975052528889 1
F 0.000563328089458248 7.01653033235994e-05 0.0216729609290176 0.000245161163067276 0.000330308959871739 0.000304575005216079 0.000200153397415304 0.000178418817722958 7.4356806947895e-05 0.0947792358290349 0.00313190821187914 0.000144513909255628 0.00366267425172173 1 0.00102668873898504 0.0191063777512479 0.000307590028912452 0.00207761208024082 2.89761411840228e-05 0.116472506111116 1
P 0.0031146029088841 0.00163434825347031 0.013170355355353 0.000268233831800413 0.00252391868318214 0.0002126765574616 0.0021349551420573 0.000348877856516272 0.00165436764125593 0.117463737783234 0.00057068738044086 0.000400577221964404 0.00080862860012143 0.00102668873898504 1 0.0291894488022408 0.000210170914047514 0.000182890465154628 0.00140104139082586 0.0939060608101736 1
S 0.0130429279088038 0.0168309780633449 0.0841894770109166 0.0237588839257764 0.014357246785905 0.024325500511693 0.0153495285534239 0.0230426368978053 0.0167662518667226 0.0269032097644776 0.0381641876461407 0.0226318499594034 0.040015985029778 0.0191063777512479 0.0291894488022408 1 0.0243528823916065 0.0341153105500939 0.0176270107074747 0.251313479888687 1
T 0.00170453065849874 0.000671747216005159 0.0167504594406174 3.52776399636934e-06 0.00127602615140121 0 0.00100438677168102 1.74657578663195e-05 0.000684594329147581 0.106841898602639 0.00147430163247508 3.04175264602691e-05 0.00184446763159796 0.000307590028912452 0.000210170914047514 0.0243528823916065 1 0.000785428321787518 0.000525489459927142 0.103764269416498 1
W 0.00481247958496989 0.00291311203535283 0.0102250801570415 0.000894422320000476 0.00406983031531893 0.000790267228292452 0.00357097709226761 0.00103738341023474 0.00293984483570098 0.127923325563182 0.000107378810865533 0.00112528649400012 0.000222248472188435 0.00207761208024082 0.000182890465154628 0.0341153105500939 0.000785428321787518 1 0.00259833642308305 0.0852196600963362 1
Y 0.000336689108698329 8.95168449877026e-06 0.0233153965806367 0.000442793246824613 0.000163577469766918 0.000521545737609097 7.67946866168101e-05 0.000351265564040193 1.04883541129919e-05 0.0912440910279838 0.0037651735658637 0.00030296788889439 0.00434542609117416 2.89761411840228e-05 0.00140104139082586 0.0176270107074747 0.000525489459927142 0.00259833642308305 1 0.120550854909953 1
V 0.135097842804256 0.122855118735433 0.0347460287496258 0.105085225711525 0.130583529821092 0.103824577412274 0.12737248196046 0.106714436319097 0.123046095990023 0.550580688870927 0.0788876781273523 0.107667490588363 0.0761975052528889 0.116472506111116 0.0939060608101736 0.251313479888687 0.103764269416498 0.0852196600963362 0.120550854909953 1 1
* 0 0 0 0 0 0 0 0 0 0 0 0 0 0 0 0 0 0 0 0 1
