A R N D C Q E G H I L K M F P S T W Y V *
A 1 0.020420003325155 0.031695502000508 0.0199101978703984 0.0105285057620221 0.0327461261525146 0.034001314076158 0.021940125325413 0.0254267594076653 0.0919154409198725 0.0154829723445871 0.0203352790904964 0.0295875435512537 0.0526478309395595 0.0214548756471462 0.275602512988161 0.0127676957622777 0.0399006452447437 0.00163322401569643 0.237585916177624 1
R 0.020420003325155 1 0.0333059250783249 0.000601363929731091 0.00160815442277185 0.00176013193884628 0.00171402407554178 0.000454343010112268 0.000248628726917555 0.0907152802010612 0.00628126374512694 0.000412843495610882 0.00478280981992951 0.0070985670627064 0.0016602608920504 0.136630286561219 0.0633196370943655 0.00482469672617192 0.0111062146700537 0.147965196471107 1
N 0.031695502000508 0.0333059250783249 1 0.0250105293071277 0.0305333259637087 0.0333462118138629 0.0450203307040762 0.0270934289903694 0.036848702413162 0.229359449924625 0.0104835709872088 0.0264606498161891 0.0177356752408503 0.0544645088935324 0.0208711416152393 0.310792887782597 0.040656871191059 0.0295556758696558 0.0234267175343942 0.097032711526117 1
D 0.0199101978703984 0.000601363929731091 0.0250105293071277 1 0.00218681238693796 0.00157721885233653 0.00315744504440973 4.64425131004864e-05 0.00109709679983505 0.106456479710093 0.00318778965737287 0 0.00217990025778891 0.00842842973626301 0.000248636583416895 0.149704069299076 0.059205767209035 0.00342361016297998 0.0101915540674172 0.131960135964312 1
C 0.0105285057620221 0.00160815442277185 0.0305333259637087 0.00218681238693796 1 0.0065205420744574 0.00647196963550789 0.00260586613338198 0.00315657799167102 0.0831468600420328 0.00553768677493272 0.00212528025232817 0.00834403101035663 0.0155418032297014 0.00355606928270746 0.166232597503633 0.0451993040649739 0.0109884688103822 0.00451300624655615 0.171544697824961 1
Q 0.0327461261525146 0.00176013193884628 0.0333462118138629 0.00157721885233653 0.0065205420744574 1 0.00104154065617412 0.00102857395889289 0.000948260107881738 0.112154890539233 0.00783813461026883 0.00140742264019955 0.00251730864352362 0.00283603551848777 0.00180059674788502 0.120880318728924 0.0814952697820868 0.000881551380836343 0.019875283670968 0.118443257982919 1
E 0.034001314076158 0.00171402407554178 0.0450203307040762 0.00315744504440973 0.00647196963550789 0.00104154065617412 1 0.00233897446824316 0.000628176536838776 0.0921741057668015 0.0126352927976491 0.00271688649435164 0.00672806890153466 0.00199595936603858 0.00442291572118036 0.10570609135819 0.0874759505886791 0.00355842321803279 0.0217146054194025 0.140371120980344 1
G 0.021940125325413 0.000454343010112268 0.0270934289903694 4.64425131004864e-05 0.00260586613338198 0.00102857395889289 0.00233897446824316 1 0.000693294735857997 0.105416473371758 0.00406231564192394 9.84437595275001e-06 0.00223764413405703 0.00700222827401809 0.000392737584981373 0.142761047285304 0.0632674505155731 0.00283898836449337 0.0117146399039121 0.130943081410471 1
H 0.0254267594076653 0.000248628726917555 0.036848702413162 0.00109709679983505 0.00315657799167102 0.000948260107881738 0.000628176536838776 0.000693294735857997 1 0.0921482909760951 0.008111967355384 0.000823626918311948 0.0048498552393067 0.00461166504327959 0.00217017356647065 0.124337254011458 0.0722745827082345 0.00367814187400395 0.014868475008752 0.142826215435678 1
I 0.0919154409198725 0.0907152802010612 0.229359449924625 0.106456479710093 0.0831468600420328 0.112154890539233 0.0921741057668015 0.105416473371758 0.0921482909760951 1 0.136418021934007 0.104075634906375 0.142244522179961 0.110747242579693 0.118414364880995 0.178249722620058 0.157813257957929 0.13524286221359 0.0965083877545078 0.632919961206685 1
L 0.0154829723445871 0.00628126374512694 0.0104835709872088 0.00318778965737287 0.00553768677493272 0.00783813461026883 0.0126352927976491 0.00406231564192394 0.008111967355384 0.136418021934007 1 0.00370349291246863 0.00287002491666055 0.0202483611198806 0.00212091200762055 0.201267993795096 0.0423350339904235 0.00825707819276933 0.00722310435951012 0.120557621000899 1
K 0.0203352790904964 0.000412843495610882 0.0264606498161891 0 0.00212528025232817 0.00140742264019955 0.00271688649435164 9.84437595275001e-06 0.000823626918311948 0.104075634906375 0.00370349291246863 1 0.00245626721366876 0.00787169093778062 0.000388264426041229 0.146401785202829 0.0605334412192169 0.00340503425278671 0.0105615751878293 0.133728939299047 1
M 0.0295875435512537 0.00478280981992951 0.0177356752408503 0.00217990025778891 0.00834403101035663 0.00251730864352362 0.00672806890153466 0.00223764413405703 0.0048498552393067 0.142244522179961 0.00287002491666055 0.00245626721366876 1 0.0095516838389027 0.000983226244747781 0.157494995977589 0.0684199175162975 0.00154855752796534 0.0170810964824579 0.097708643318404 1
F 0.0526478309395595 0.0070985670627064 0.0544645088935324 0.00842842973626301 0.0155418032297014 0.00283603551848777 0.00199595936603858 0.00700222827401809 0.00461166504327959 0.110747242579693 0.0202483611198806 0.00787169093778062 0.0095516838389027 1 0.00924737889376315 0.0843665037928215 0.115980339493107 0.00365798168012532 0.0363714460649787 0.121043991115809 1
P 0.0214548756471462 0.0016602608920504 0.0208711416152393 0.000248636583416895 0.00355606928270746 0.00180059674788502 0.00442291572118036 0.000392737584981373 0.00217017356647065 0.118414364880995 0.00212091200762055 0.000388264426041229 0.000983226244747781 0.00924737889376315 1 0.15608101103861 0.0593391010233972 0.00272740890463441 0.0111255405837334 0.120498223129773 1
S 0.275602512988161 0.136630286561219 0.310792887782597 0.149704069299076 0.166232597503633 0.120880318728924 0.10570609135819 0.142761047285304 0.124337254011458 0.178249722620058 0.201267993795096 0.146401785202829 0.157494995977589 0.0843665037928215 0.15608101103861 1 0.469277815419852 0.124658503918524 0.237211201627777 0.298610344204501 1
T 0.0127676957622777 0.0633196370943655 0.040656871191059 0.059205767209035 0.0451993040649739 0.0814952697820868 0.0874759505886791 0.0632674505155731 0.0722745827082345 0.157813257957929 0.0423350339904235 0.0605334412192169 0.0684199175162975 0.115980339493107 0.0593391010233972 0.469277815419852 1 0.0889101180231302 0.0206435118849175 0.297659606869491 1
W 0.0399006452447437 0.00482469672617192 0.0295556758696558 0.00342361016297998 0.0109884688103822 0.000881551380836343 0.00355842321803279 0.00283898836449337 0.00367814187400395 0.13524286221359 0.00825707819276933 0.00340503425278671 0.00154855752796534 0.00365798168012532 0.00272740890463441 0.124658503918524 0.0889101180231302 1 0.0250924022310784 0.0969953846081691 1
Y 0.00163322401569643 0.0111062146700537 0.0234267175343942 0.0101915540674172 0.00451300624655615 0.019875283670968 0.0217146054194025 0.0117146399039121 0.014868475008752 0.0965083877545078 0.00722310435951012 0.0105615751878293 0.0170810964824579 0.0363714460649787 0.0111255405837334 0.237211201627777 0.0206435118849175 0.0250924022310784 1 0.196314506762391 1
V 0.237585916177624 0.147965196471107 0.097032711526117 0.131960135964312 0.171544697824961 0.118443257982919 0.140371120980344 0.130943081410471 0.142826215435678 0.632919961206685 0.120557621000899 0.133728939299047 0.097708643318404 0.121043991115809 0.120498223129773 0.298610344204501 0.297659606869491 0.0969953846081691 0.196314506762391 1 1
* 0 0 0 0 0 0 0 0 0 0 0 0 0 0 0 0 0 0 0 0 1
