A R N D C Q E G H I L K M F P S T W Y V *
A 1 0.0371071392450155 0.0678663367203829 0.0201154007448759 0.0256516262899626 0.0687554657653744 0.176232991275059 0.0438619090907731 0.02886299128687 0.108435705153305 0.0197540635501555 0.0614227611011102 0.118855900429188 0.0665869113062533 0.0407856291256982 0.322629394156912 0.0718448026888153 0.0534090566751894 0.0249942932361124 0.254715401987933 1
R 0.0371071392450155 1 0.0362799039548261 0.0243195957564016 0.0011696356890063 0.106237363072823 0.054880888381572 0.000313525462398601 0.00434899102252362 0.0903239705170307 0.00955059507096834 0.00493948456535687 0.0301002616727173 0.00679775500769175 0.00128218127572566 0.139505109086955 0.0758262786904519 0.00454749925277076 0.011240276328639 0.147804312045307 1
N 0.0678663367203829 0.0362799039548261 1 0.0718077386439062 0.0341607328037177 0.189086585189527 0.0756129268964315 0.028237616120503 0.0527601009806848 0.234176619514252 0.0242803744455337 0.0261806801265448 0.0278516847401491 0.0592553145115151 0.0227768063281786 0.310497902525004 0.0430563514781912 0.0343379556517738 0.0241001408891959 0.10232629998698 1
D 0.0201154007448759 0.0243195957564016 0.0718077386439062 1 0.0242827991832366 0.0272600053337783 0.162486196435599 0.0298274254551735 0.00824072915464247 0.131228105245163 0.0115627389287172 0.0515522404835012 0.105739321879059 0.0284491057327115 0.0270382552612574 0.20164166785782 0.136177720666319 0.0230639595984886 0.0425770678557885 0.154534149891396 1
C 0.0256516262899626 0.0011696356890063 0.0341607328037177 0.0242827991832366 1 0.107818018584275 0.0625377511356335 0.00268863006767084 0.00657496424661608 0.0827180477669344 0.00817754405529192 0.00744841825433484 0.0355470248287153 0.0151371235961141 0.00330846155537767 0.169955507031848 0.0587219325827355 0.0105964369643591 0.00492904810915118 0.171252705795497 1
Q 0.0687554657653744 0.106237363072823 0.189086585189527 0.0272600053337783 0.107818018584275 1 0.361094582396245 0.118615745070038 0.063825771644503 0.227113766661309 0.0747860807552908 0.162991564935033 0.261100729747348 0.0986635686638091 0.113052746851079 0.291267207921628 0.30473530728316 0.0958696358821224 0.144932869740859 0.22747124226293 1
E 0.176232991275059 0.054880888381572 0.0756129268964315 0.162486196435599 0.0625377511356335 0.361094582396245 1 0.0471857581320526 0.0919015185071801 0.154116236691861 0.100811383457662 0.0275060478173099 0.0110847582788328 0.0615338597245759 0.0532834666630517 0.140259078578865 0.102577418504765 0.0636836694091143 0.0647538002825214 0.211334840743032 1
G 0.0438619090907731 0.000313525462398601 0.028237616120503 0.0298274254551735 0.00268863006767084 0.118615745070038 0.0471857581320526 1 0.00758048434158398 0.105622512224203 0.00987132005889246 0.00230182616101271 0.0219213270813838 0.00749451943685531 0 0.143797119933226 0.0718422266827006 0.0033845659768158 0.0112914568698471 0.131737837700317 1
H 0.02886299128687 0.00434899102252362 0.0527601009806848 0.00824072915464247 0.00657496424661608 0.063825771644503 0.0919015185071801 0.00758048434158398 1 0.0959594528385163 0.00769249305719077 0.0196204412080833 0.0574161261550756 0.00716270267573471 0.00765106650248271 0.140713245804081 0.106341127564454 0.00612284711707278 0.0229972438620031 0.145742475242957 1
I 0.108435705153305 0.0903239705170307 0.234176619514252 0.131228105245163 0.0827180477669344 0.227113766661309 0.154116236691861 0.105622512224203 0.0959594528385163 1 0.139562087633726 0.110148872915577 0.174076082559496 0.110389324098988 0.118256661456821 0.182071437306994 0.173353805866637 0.134914743219137 0.0970723745625395 0.632952969960478 1
L 0.0197540635501555 0.00955059507096834 0.0242803744455337 0.0115627389287172 0.00817754405529192 0.0747860807552908 0.100811383457662 0.00987132005889246 0.00769249305719077 0.139562087633726 1 0.0207276928457362 0.0521869659292683 0.0221555790472473 0.00661614245803555 0.217337822957258 0.0727728322441651 0.010039211819331 0.0140881108464308 0.122622062425957 1
K 0.0614227611011102 0.00493948456535687 0.0261806801265448 0.0515522404835012 0.00744841825433484 0.162991564935033 0.0275060478173099 0.00230182616101271 0.0196204412080833 0.110148872915577 0.0207276928457362 1 0.00988647117085228 0.0144285081779933 0.00366798006982194 0.146357794485963 0.0617282606823572 0.0100877558286823 0.0122658796050087 0.141664240929346 1
M 0.118855900429188 0.0301002616727173 0.0278516847401491 0.105739321879059 0.0355470248287153 0.261100729747348 0.0110847582788328 0.0219213270813838 0.0574161261550756 0.174076082559496 0.0521869659292683 0.00988647117085228 1 0.0393831957934652 0.0232132833856499 0.170542504315806 0.0706087978067546 0.0314616582256979 0.0353019375078364 0.131239111529806 1
F 0.0665869113062533 0.00679775500769175 0.0592553145115151 0.0284491057327115 0.0151371235961141 0.0986635686638091 0.0615338597245759 0.00749451943685531 0.00716270267573471 0.110389324098988 0.0221555790472473 0.0144285081779933 0.0393831957934652 1 0.00928001628288255 0.088693454646295 0.132702017736119 0.00319282311025182 0.0373448850824402 0.120635352504184 1
P 0.0407856291256982 0.00128218127572566 0.0227768063281786 0.0270382552612574 0.00330846155537767 0.113052746851079 0.0532834666630517 0 0.00765106650248271 0.118256661456821 0.00661614245803555 0.00366798006982194 0.0232132833856499 0.00928001628288255 1 0.15795560284177 0.0696579165321221 0.00279658467414667 0.0108864727083832 0.120723018596169 1
S 0.322629394156912 0.139505109086955 0.310497902525004 0.20164166785782 0.169955507031848 0.291267207921628 0.140259078578865 0.143797119933226 0.140713245804081 0.182071437306994 0.217337822957258 0.146357794485963 0.170542504315806 0.088693454646295 0.15795560284177 1 0.475096041751559 0.129368235381454 0.237947668752603 0.304785952806538 1
T 0.0718448026888153 0.0758262786904519 0.0430563514781912 0.136177720666319 0.0587219325827355 0.30473530728316 0.102577418504765 0.0718422266827006 0.106341127564454 0.173353805866637 0.0727728322441651 0.0617282606823572 0.0706087978067546 0.132702017736119 0.0696579165321221 0.475096041751559 1 0.105359678791805 0.0276690616360831 0.319562009580122 1
W 0.0534090566751894 0.00454749925277076 0.0343379556517738 0.0230639595984886 0.0105964369643591 0.0958696358821224 0.0636836694091143 0.0033845659768158 0.00612284711707278 0.134914743219137 0.010039211819331 0.0100877558286823 0.0314616582256979 0.00319282311025182 0.00279658467414667 0.129368235381454 0.105359678791805 1 0.0261167217360001 0.0965733167849151 1
Y 0.0249942932361124 0.011240276328639 0.0241001408891959 0.0425770678557885 0.00492904810915118 0.144932869740859 0.0647538002825214 0.0112914568698471 0.0229972438620031 0.0970723745625395 0.0140881108464308 0.0122658796050087 0.0353019375078364 0.0373448850824402 0.0108864727083832 0.237947668752603 0.0276690616360831 0.0261167217360001 1 0.197786500300849 1
V 0.254715401987933 0.147804312045307 0.10232629998698 0.154534149891396 0.171252705795497 0.22747124226293 0.211334840743032 0.131737837700317 0.145742475242957 0.632952969960478 0.122622062425957 0.141664240929346 0.131239111529806 0.120635352504184 0.120723018596169 0.304785952806538 0.319562009580122 0.0965733167849151 0.197786500300849 1 1
* 0 0 0 0 0 0 0 0 0 0 0 0 0 0 0 0 0 0 0 0 1
