A R N D C Q E G H I L K M F P S T W Y V *
A 1 0.0963391079017212 0.102341537540127 0.0751473067040274 0.0699217674315624 0.180714043087244 0.268015928300633 0.144246567249734 0.134500974080276 0.190104879730574 0.292659685472403 0.0767470074128697 0.218181294184373 0.0697505819586778 0.0924503742174196 0.414297219806982 0.160179413733349 0.146781033157091 0.0693171376288935 0.313996905834283 1
R 0.0963391079017212 1 0.0381660468080275 0.0228740372425205 0.000510337565572394 0.111535215957548 0.0544626117335264 0.00312428205871085 0.00859379456794873 0.0897890399754608 0.0696300343704233 0.0163644720635601 0.0313430106466862 0.102630231337534 0 0.138215930569642 0.076485682266715 0.00597703337167121 0.0105937113373392 0.14757062139919 1
N 0.102341537540127 0.0381660468080275 1 0.0731800385728879 0.0334767122395297 0.21022533346381 0.0825814598785753 0.0423256925471698 0.0700045140294057 0.24240000795241 0.119778057928803 0.0279634901418764 0.038462324389642 0.124772226106674 0.0230517322475281 0.314819563053509 0.0521985428538148 0.0456800761579671 0.023403596601673 0.101757693442088 1
D 0.0751473067040274 0.0228740372425205 0.0731800385728879 1 0.0233560591421015 0.0328857783148364 0.162849531463944 0.0336682263148915 0.0134697518129083 0.131219850377809 0.0749659721142603 0.062282929829475 0.108057525579682 0.122612349424048 0.0256495818772312 0.2005526025603 0.137722160407705 0.0252799060490946 0.041679461820057 0.153935183743728 1
C 0.0699217674315624 0.000510337565572394 0.0334767122395297 0.0233560591421015 1 0.119208162238648 0.0649971029671395 0.0102621843284127 0.0161996223846255 0.0848764439288422 0.0845255041253464 0.013043996156785 0.0408351075734892 0.0930442010279168 0.00198939811486443 0.170025453972062 0.0629574783242391 0.0161395788194966 0.00341728203295311 0.169994348000591 1
Q 0.180714043087244 0.111535215957548 0.21022533346381 0.0328857783148364 0.119208162238648 1 0.363441483827476 0.11742068067109 0.0624054854755757 0.229081733927129 0.103705351994779 0.206055677236944 0.260871996169965 0.275216488611982 0.121364635680401 0.2977560968905 0.305279476206719 0.0950766033974554 0.156892861788442 0.241275098481893 1
E 0.268015928300633 0.0544626117335264 0.0825814598785753 0.162849531463944 0.0649971029671395 0.363441483827476 1 0.0470037095487977 0.0927148873298386 0.152843585909565 0.150950965130446 0.0476182410443182 0.00999859574337925 0.187823643889383 0.0541149864088057 0.139804429950047 0.101392044289408 0.0628298119733985 0.0672010022685461 0.214879052988433 1
G 0.144246567249734 0.00312428205871085 0.0423256925471698 0.0336682263148915 0.0102621843284127 0.11742068067109 0.0470037095487977 1 0.00617118537278316 0.105876658335384 0.040675093595911 0.0333631050107704 0.0206481387670348 0.1541857471966 0.00507023635796777 0.146963486062945 0.0709571545501274 0.00200642150529207 0.0189207822166092 0.141049129934666 1
H 0.134500974080276 0.00859379456794873 0.0700045140294057 0.0134697518129083 0.0161996223846255 0.0624054854755757 0.0927148873298386 0.00617118537278316 1 0.0971221632093933 0.0348750345916099 0.0551464703254895 0.0566113326343541 0.162589989789249 0.0145102344347225 0.145403035895312 0.106127003888833 0.0050792568192517 0.0327946021426063 0.157615784709894 1
I 0.190104879730574 0.0897890399754608 0.24240000795241 0.131219850377809 0.0848764439288422 0.229081733927129 0.152843585909565 0.105876658335384 0.0971221632093933 1 0.193956132147124 0.131375276456853 0.173492369321326 0.24212210752235 0.119024126192507 0.181521590643437 0.172403450250785 0.134401729238624 0.099285017763765 0.641617461779357 1
L 0.292659685472403 0.0696300343704233 0.119778057928803 0.0749659721142603 0.0845255041253464 0.103705351994779 0.150950965130446 0.040675093595911 0.0348750345916099 0.193956132147124 1 0.15872257381269 0.0903951612882581 0.398999196981451 0.0747797727699093 0.292994315896685 0.115313025681046 0.04531365997166 0.0908369533428253 0.210911162665619 1
K 0.0767470074128697 0.0163644720635601 0.0279634901418764 0.062282929829475 0.013043996156785 0.206055677236944 0.0476182410443182 0.0333631050107704 0.0551464703254895 0.131375276456853 0.15872257381269 1 0.0360596581062815 0.0503224068013122 0.0117941273990203 0.161262253867465 0.086860073045626 0.0372267637617084 0.0179364619035641 0.148429665830952 1
M 0.218181294184373 0.0313430106466862 0.038462324389642 0.108057525579682 0.0408351075734892 0.260871996169965 0.00999859574337925 0.0206481387670348 0.0566113326343541 0.173492369321326 0.0903951612882581 0.0360596581062815 1 0.179125287827076 0.0262830412949117 0.171988406745436 0.0692596994642086 0.0299981689738339 0.0405557360988733 0.137570921405835 1
F 0.0697505819586778 0.102630231337534 0.124772226106674 0.122612349424048 0.0930442010279168 0.275216488611982 0.187823643889383 0.1541857471966 0.162589989789249 0.24212210752235 0.398999196981451 0.0503224068013122 0.179125287827076 1 0.0953022788747974 0.197508092285608 0.283424158134991 0.13923231941523 0.117403285852467 0.208695593254083 1
P 0.0924503742174196 0 0.0230517322475281 0.0256495818772312 0.00198939811486443 0.121364635680401 0.0541149864088057 0.00507023635796777 0.0145102344347225 0.119024126192507 0.0747797727699093 0.0117941273990203 0.0262830412949117 0.0953022788747974 1 0.157117751794577 0.0719897411232572 0.00612318702880221 0.00957505148295801 0.119634158293024 1
S 0.414297219806982 0.138215930569642 0.314819563053509 0.2005526025603 0.170025453972062 0.2977560968905 0.139804429950047 0.146963486062945 0.145403035895312 0.181521590643437 0.292994315896685 0.161262253867465 0.171988406745436 0.197508092285608 0.157117751794577 1 0.477308544115569 0.130935854185366 0.238223201125931 0.305395912080948 1
T 0.160179413733349 0.076485682266715 0.0521985428538148 0.137722160407705 0.0629574783242391 0.305279476206719 0.101392044289408 0.0709571545501274 0.106127003888833 0.172403450250785 0.115313025681046 0.086860073045626 0.0692596994642086 0.283424158134991 0.0719897411232572 0.477308544115569 1 0.104122084082874 0.0316465894182917 0.32655948964923 1
W 0.146781033157091 0.00597703337167121 0.0456800761579671 0.0252799060490946 0.0161395788194966 0.0950766033974554 0.0628298119733985 0.00200642150529207 0.0050792568192517 0.134401729238624 0.04531365997166 0.0372267637617084 0.0299981689738339 0.13923231941523 0.00612318702880221 0.130935854185366 0.104122084082874 1 0.031763565897576 0.103070712203011 1
Y 0.0693171376288935 0.0105937113373392 0.023403596601673 0.041679461820057 0.00341728203295311 0.156892861788442 0.0672010022685461 0.0189207822166092 0.0327946021426063 0.099285017763765 0.0908369533428253 0.0179364619035641 0.0405557360988733 0.117403285852467 0.00957505148295801 0.238223201125931 0.0316465894182917 0.031763565897576 1 0.196568902474267 1
V 0.313996905834283 0.14757062139919 0.101757693442088 0.153935183743728 0.169994348000591 0.241275098481893 0.214879052988433 0.141049129934666 0.157615784709894 0.641617461779357 0.210911162665619 0.148429665830952 0.137570921405835 0.208695593254083 0.119634158293024 0.305395912080948 0.32655948964923 0.103070712203011 0.196568902474267 1 1
* 0 0 0 0 0 0 0 0 0 0 0 0 0 0 0 0 0 0 0 0 1
