A R N D C Q E G H I L K M F P S T W Y V *
A 1 1.3502752390919 1.86838251981931 2.17078263980376 1.27974417693902 2.24931405029832 2.5408064438758 1.52537305233477 1.85441285424862 2.22194750463927 3.20617568877309 1.89202925390737 2.39194249013899 1.92336094804771 1.15495702216311 2.27177652474113 2.03079857786363 1.35541445378534 1.39162927606304 2.17228993580638 1
R 1.3502752390919 1 1.78910927566545 1.48975846765467 1.15186021680782 2.47510380058517 1.42951092555647 1.09965382373069 2.07034823259582 1.66584983464543 1.42666401069035 3.47317093832396 1.41640500034935 1.54805586528236 1.08261975904772 1.92729340618018 2.27228564607165 1.32064247735512 1.96110583610471 1.73615777955103 1
N 1.86838251981931 1.78910927566545 1 3.77828881098633 1.48328219355588 2.98073818818248 1.88572853783528 2.03264985450765 3.734221753876 1.76385684890336 1.62376331918066 2.33947414737719 1.98633620364873 2.10973624605135 1.23127536036181 3.42504171679443 2.48949404473816 1.92437027061956 2.36772791520653 1.65627701210496 1
D 2.17078263980376 1.48975846765467 3.77828881098633 1 1.43290681882703 3.21634783242973 3.02933322422084 1.57986616065805 3.08446741997128 1.59076645187476 1.65589239273261 2.08373417426937 2.32193273750986 1.91240885248888 1.33457147269172 2.46080656243533 1.95947668158466 1.77621678561491 1.69323439497455 1.47691331385346 1
C 1.27974417693902 1.15186021680782 1.48328219355588 1.43290681882703 1 1.51778980323415 1.19048601660361 1.04968259960438 1.71526949048957 1.38629831205247 1.15011390075189 1.13449603839073 1.67126968164032 1.34011100533952 1.00527947371317 1.63296047178477 1.69251048479513 1.20913121941159 1.25743304440649 1.47762037669381 1
Q 2.24931405029832 2.47510380058517 2.98073818818248 3.21634783242973 1.51778980323415 1 2.88745373802445 1.32935902913734 4.52483250278315 2.12924260260565 2.00264619556883 3.75475171467601 2.64652645062553 2.23172441846132 1.33470758714469 2.92303224448429 2.91965651379442 1.76422698246623 2.0602072939476 2.03965513821132 1
E 2.5408064438758 1.42951092555647 1.88572853783528 3.02933322422084 1.19048601660361 2.88745373802445 1 1.17143433758367 2.11784433374778 1.52430447382405 1.85042942407627 2.13736418504004 2.36489350476998 1.6602013453093 1.18429896480949 1.74072745695359 1.59839919095998 1.4440509983051 1.33012534487684 1.42828825254264 1
G 1.52537305233477 1.09965382373069 2.03264985450765 1.57986616065805 1.04968259960438 1.32935902913734 1.17143433758367 1 1.40305534739865 1.38263454536751 1.36884011405628 1.3160955369146 1.23377416666892 1.44250784928313 1.00615731554117 1.9336486224257 1.54290394596336 1.25509820361949 1.46452998467526 1.33429010048279 1
H 1.85441285424862 2.07034823259582 3.734221753876 3.08446741997128 1.71526949048957 4.52483250278315 2.11784433374778 1.40305534739865 1 2.10385622829525 1.8128466710791 2.50876143797508 3.03563657751861 2.77114394154138 1.23953090376425 2.57379087839689 2.49932547752942 2.49111986627103 2.72212172794212 1.86556206817037 1
I 2.22194750463927 1.66584983464543 1.76385684890336 1.59076645187476 1.38629831205247 2.12924260260565 1.52430447382405 1.38263454536751 2.10385622829525 1 3.82160742520522 1.87009238903825 2.37291353575054 3.52094836392494 1.27135378997343 2.22994637837702 2.66900495058771 1.73359373712234 2.22141541782789 5.1865973782874 1
L 3.20617568877309 1.42666401069035 1.62376331918066 1.65589239273261 1.15011390075189 2.00264619556883 1.85042942407627 1.36884011405628 1.8128466710791 3.82160742520522 1 1.87906219595296 2.42079250363203 2.84071399648855 1.18854307635877 1.85839773649931 1.91372741060851 1.60586018019722 1.68781058566805 2.69394977655258 1
K 1.89202925390737 3.47317093832396 2.33947414737719 2.08373417426937 1.13449603839073 3.75475171467601 2.13736418504004 1.3160955369146 2.50876143797508 1.87009238903825 1.87906219595296 1 1.75318168011091 1.8523916912768 1.15259726404928 2.3124933050683 2.33495371506527 1.50628008485939 1.98017268238553 1.82071101346175 1
M 2.39194249013899 1.41640500034935 1.98633620364873 2.32193273750986 1.67126968164032 2.64652645062553 2.36489350476998 1.23377416666892 3.03563657751861 2.37291353575054 2.42079250363203 1.75318168011091 1 3.01482997609585 1.16805490018967 1.86766051901288 1.86598438288415 2.20751943019435 1.76782485227648 1.9470766752427 1
F 1.92336094804771 1.54805586528236 2.10973624605135 1.91240885248888 1.34011100533952 2.23172441846132 1.6602013453093 1.44250784928313 2.77114394154138 3.52094836392494 2.84071399648855 1.8523916912768 3.01482997609585 1 1.28918410337386 1.94486323095122 2.00541701164431 3.32880402848406 3.12478243186371 2.19325961397486 1
P 1.15495702216311 1.08261975904772 1.23127536036181 1.33457147269172 1.00527947371317 1.33470758714469 1.18429896480949 1.00615731554117 1.23953090376425 1.27135378997343 1.18854307635877 1.15259726404928 1.16805490018967 1.28918410337386 1 1.33973028091724 1.35825473929745 1.12976766111266 1.23479126551605 1.20056556536837 1
S 2.27177652474113 1.92729340618018 3.42504171679443 2.46080656243533 1.63296047178477 2.92303224448429 1.74072745695359 1.9336486224257 2.57379087839689 2.22994637837702 1.85839773649931 2.3124933050683 1.86766051901288 1.94486323095122 1.33973028091724 1 5.98127556714805 1.44913181107582 1.9827334193327 2.48638820814764 1
T 2.03079857786363 2.27228564607165 2.48949404473816 1.95947668158466 1.69251048479513 2.91965651379442 1.59839919095998 1.54290394596336 2.49932547752942 2.66900495058771 1.91372741060851 2.33495371506527 1.86598438288415 2.00541701164431 1.35825473929745 5.98127556714805 1 1.42431614418987 2.08804582704658 3.38231504673668 1
W 1.35541445378534 1.32064247735512 1.92437027061956 1.77621678561491 1.20913121941159 1.76422698246623 1.4440509983051 1.25509820361949 2.49111986627103 1.73359373712234 1.60586018019722 1.50628008485939 2.20751943019435 3.32880402848406 1.12976766111266 1.44913181107582 1.42431614418987 1 2.73637522858771 1.3644883658566 1
Y 1.39162927606304 1.96110583610471 2.36772791520653 1.69323439497455 1.25743304440649 2.0602072939476 1.33012534487684 1.46452998467526 2.72212172794212 2.22141541782789 1.68781058566805 1.98017268238553 1.76782485227648 3.12478243186371 1.23479126551605 1.9827334193327 2.08804582704658 2.73637522858771 1 1.80028428865787 1
V 2.17228993580638 1.73615777955103 1.65627701210496 1.47691331385346 1.47762037669381 2.03965513821132 1.42828825254264 1.33429010048279 1.86556206817037 5.1865973782874 2.69394977655258 1.82071101346175 1.9470766752427 2.19325961397486 1.20056556536837 2.48638820814764 3.38231504673668 1.3644883658566 1.80028428865787 1 1
* 0 0 0 0 0 0 0 0 0 0 0 0 0 0 0 0 0 0 0 0 1
