A R N D C Q E G H I L K M F P S T W Y V *
A 1 0.312857171673754 0.405358859016034 0.396881400090993 0.247826085057 0.460437104714691 0.432435325004719 0.358992818298563 0.451293884551312 0.474536060225343 0.596653607969006 0.310053807346865 0.43269780860137 0.394138057988772 0.195479854274414 0.490191831449456 0.570754316405578 0.224593725964356 0.222133716606721 0.507773621896227 1
R 0.312857171673754 1 0.528852185696454 0.560551285156693 0.130336556130197 0.780179728993856 0.596919088203738 0.107688933774165 0.602897230022098 0.19509428419651 0.165457424361315 0.827980484519326 0.171776381217001 0.258544881649566 0.155966117575733 0.405780524726112 0.482327756209141 0.238137348228753 0.397180280878398 0.157729702342893 1
N 0.405358859016034 0.528852185696454 1 0.879633477224497 0.330864862104548 0.6855755271666 0.475271850397307 0.446865513728446 0.61808763403077 0.141501483506732 0.140128517003018 0.55585680342414 0.134329977480489 0.194708770649383 0.462941987724177 0.768406518942092 0.661316030286171 0.177683505533658 0.340208065079918 0.14562347242068 1
D 0.396881400090993 0.560551285156693 0.879633477224497 1 0.240291159507896 0.711877047272077 0.548574450717731 0.40181268918194 0.561537369959966 0.0982833234275184 0.10699968564049 0.628547670082194 0.0980017314952992 0.135436785868829 0.401144405472099 0.717082952076446 0.615445851435297 0.109371085914009 0.263552371324061 0.1075666865927 1
C 0.247826085057 0.130336556130197 0.330864862104548 0.240291159507896 1 0.23477083193351 0.106854025242071 0.0888869026891235 0.503767801439739 0.0970503013021862 0.123017445101153 0.0706528008449869 0.124052058605753 0.197522981057177 0.0488998766213551 0.303790821070398 0.330389603459429 0.219100032627974 0.270826749249393 0.0993476907814159 1
Q 0.460437104714691 0.780179728993856 0.6855755271666 0.711877047272077 0.23477083193351 1 0.681239745025173 0.25321754539211 0.699092334008109 0.245488290174945 0.255782261712698 0.765485857481327 0.284306652259041 0.309638883348611 0.299599133979214 0.552260673109484 0.586498626345303 0.294989923373528 0.39848082194407 0.208632939925364 1
E 0.432435325004719 0.596919088203738 0.475271850397307 0.548574450717731 0.106854025242071 0.681239745025173 1 0.0684034192466815 0.492847321056446 0.0876746235840786 0.165500031519279 0.679790079549407 0.195733076967003 0.112894029166781 0.0494259362490699 0.361562343001962 0.379115584173209 0.0851809871201112 0.115746232387397 0.0721424759097123 1
G 0.358992818298563 0.107688933774165 0.446865513728446 0.40181268918194 0.0888869026891235 0.25321754539211 0.0684034192466815 1 0.212960168903107 0.190777239172776 0.157866258631063 0.12556177127952 0.0184482144453115 0.135097294755934 0.584732599731894 0.648080050236323 0.554075000911612 0 0.163214408418527 0.253960506540344 1
H 0.451293884551312 0.602897230022098 0.61808763403077 0.561537369959966 0.503767801439739 0.699092334008109 0.492847321056446 0.212960168903107 1 0.303767894826234 0.30870936816855 0.517121323413631 0.349657021525312 0.418607212900394 0.252336148036526 0.50894546886288 0.580496356574309 0.439778818913709 0.528185331257446 0.258883824523103 1
I 0.474536060225343 0.19509428419651 0.141501483506732 0.0982833234275184 0.0970503013021862 0.245488290174945 0.0876746235840786 0.190777239172776 0.303767894826234 1 0.758498650923997 0.100933149449557 0.47358763317277 0.735987283080386 0.114219956404848 0.236114649479785 0.404783163189834 0.421066263332189 0.430406738037302 0.785854766636103 1
L 0.596653607969006 0.165457424361315 0.140128517003018 0.10699968564049 0.123017445101153 0.255782261712698 0.165500031519279 0.157866258631063 0.30870936816855 0.758498650923997 1 0.0943227796455601 0.613318120168298 0.645740551181355 0.0713935273420926 0.220615418228429 0.358690473101732 0.396365753223102 0.299997167837895 0.662562208463284 1
K 0.310053807346865 0.827980484519326 0.55585680342414 0.628547670082194 0.0706528008449869 0.765485857481327 0.679790079549407 0.12556177127952 0.517121323413631 0.100933149449557 0.0943227796455601 1 0.0890047296704476 0.136112566321903 0.143907737333329 0.428582565682337 0.462370892966452 0.103466876943214 0.254187010685298 0.0876432944476581 1
M 0.43269780860137 0.171776381217001 0.134329977480489 0.0980017314952992 0.124052058605753 0.284306652259041 0.195733076967003 0.0184482144453115 0.349657021525312 0.47358763317277 0.613318120168298 0.0890047296704476 1 0.588836704100344 0.0825114953648596 0.126663171007267 0.214902059506155 0.58125608929469 0.296252563843698 0.312119399940881 1
F 0.394138057988772 0.258544881649566 0.194708770649383 0.135436785868829 0.197522981057177 0.309638883348611 0.112894029166781 0.135097294755934 0.418607212900394 0.735987283080386 0.645740551181355 0.136112566321903 0.588836704100344 1 0.170138140058064 0.230108684662572 0.376890037487165 0.680732268011649 0.603695008345253 0.551433090216064 1
P 0.195479854274414 0.155966117575733 0.462941987724177 0.401144405472099 0.0488998766213551 0.299599133979214 0.0494259362490699 0.584732599731894 0.252336148036526 0.114219956404848 0.0713935273420926 0.143907737333329 0.0825114953648596 0.170138140058064 1 0.509952892918204 0.409810746753148 0.156507402536981 0.278325991124525 0.0799312333554983 1
S 0.490191831449456 0.405780524726112 0.768406518942092 0.717082952076446 0.303790821070398 0.552260673109484 0.361562343001962 0.648080050236323 0.50894546886288 0.236114649479785 0.220615418228429 0.428582565682337 0.126663171007267 0.230108684662572 0.509952892918204 1 0.789483727879033 0.136409351396509 0.321100359080229 0.281210965629448 1
T 0.570754316405578 0.482327756209141 0.661316030286171 0.615445851435297 0.330389603459429 0.586498626345303 0.379115584173209 0.554075000911612 0.580496356574309 0.404783163189834 0.358690473101732 0.462370892966452 0.214902059506155 0.376890037487165 0.409810746753148 0.789483727879033 1 0.23495199625391 0.44089875525511 0.457016745084587 1
W 0.224593725964356 0.238137348228753 0.177683505533658 0.109371085914009 0.219100032627974 0.294989923373528 0.0851809871201112 0 0.439778818913709 0.421066263332189 0.396365753223102 0.103466876943214 0.58125608929469 0.680732268011649 0.156507402536981 0.136409351396509 0.23495199625391 1 0.601157709786725 0.24438463396719 1
Y 0.222133716606721 0.397180280878398 0.340208065079918 0.263552371324061 0.270826749249393 0.39848082194407 0.115746232387397 0.163214408418527 0.528185331257446 0.430406738037302 0.299997167837895 0.254187010685298 0.296252563843698 0.603695008345253 0.278325991124525 0.321100359080229 0.44089875525511 0.601157709786725 1 0.329276836570657 1
V 0.507773621896227 0.157729702342893 0.14562347242068 0.1075666865927 0.0993476907814159 0.208632939925364 0.0721424759097123 0.253960506540344 0.258883824523103 0.785854766636103 0.662562208463284 0.0876432944476581 0.312119399940881 0.551433090216064 0.0799312333554983 0.281210965629448 0.457016745084587 0.24438463396719 0.329276836570657 1 1
* 0 0 0 0 0 0 0 0 0 0 0 0 0 0 0 0 0 0 0 0 1
