A R N D C Q E G H I L K M F P S T W Y V *
A 1 0.208895615596409 0.424274501002272 0.503313328982298 0.300698999181477 0.474231306845617 0.620985616498537 0.513983239826025 0.326497860291256 0.617350571219692 0.716868949758001 0.450130507359024 0.42413483820321 0.42778834492184 0.322666589041335 0.587892678861044 0.604198579355503 0.102353314781376 0.24702923193131 0.724645844138162 1
R 0.208895615596409 1 0.553995915992782 0.486990213407843 0.268593608460769 0.646251316552582 0.463966740851209 0.182022573681744 0.605406522184779 0.316876736780383 0.262887180136044 0.727025864868601 0.319507908372888 0.395511633257199 0.193273232017745 0.425287951886269 0.484343931719015 0.352179775430465 0.570408748448264 0.312657589799548 1
N 0.424274501002272 0.553995915992782 1 0.852380080364839 0.525690616925369 0.772553648495883 0.599861745569889 0.507394987574229 0.690577411288882 0.479147903563663 0.411751264825606 0.675220844305198 0.456124204686691 0.513177495167674 0.544460109891666 0.772280772038012 0.738054011588793 0.397873886196531 0.630862556573523 0.493747640394378 1
D 0.503313328982298 0.486990213407843 0.852380080364839 1 0.464311648554909 0.766465356693198 0.699390909939623 0.516296208298861 0.628643128605281 0.505794495668919 0.472995293281265 0.682048368805243 0.464739652737103 0.511195533954631 0.591650833738568 0.781282477191225 0.716871117004641 0.34788250190309 0.551685756930254 0.526278637754082 1
C 0.300698999181477 0.268593608460769 0.525690616925369 0.464311648554909 1 0.508634897337895 0.353529031451494 0.280674141122986 0.615084452870834 0.513979610122831 0.38101500976146 0.348503906229453 0.630489657845084 0.582993351800989 0.30204941604833 0.459082954700429 0.475022986065483 0.556549529615632 0.562054113463091 0.472254450272957 1
Q 0.474231306845617 0.646251316552582 0.772553648495883 0.766465356693198 0.508634897337895 1 0.740758281089191 0.372539534295496 0.79199653299612 0.578788873542918 0.527057503521538 0.82799905470175 0.590765888804745 0.631361432848307 0.420613986588862 0.655850898500714 0.683686047951595 0.483145067808676 0.668444028896868 0.570122211887244 1
E 0.620985616498537 0.463966740851209 0.599861745569889 0.699390909939623 0.353529031451494 0.740758281089191 1 0.364047542436163 0.560092210179613 0.584254282534368 0.628629490177872 0.732566240349345 0.535885383957423 0.543971907786807 0.389724158961595 0.60298682013327 0.607445514340961 0.306623656248183 0.445240938518629 0.602858352778187 1
G 0.513983239826025 0.182022573681744 0.507394987574229 0.516296208298861 0.280674141122986 0.372539534295496 0.364047542436163 1 0.255865003292035 0.355960560156491 0.342259657255741 0.337427240202675 0.178887489638389 0.239284254976679 0.466785559696172 0.713789827742323 0.661362564290761 0 0.233853611999449 0.452215640972653 1
H 0.326497860291256 0.605406522184779 0.690577411288882 0.628643128605281 0.615084452870834 0.79199653299612 0.560092210179613 0.255865003292035 1 0.543511740601876 0.438451335078915 0.653920517179844 0.645105596596413 0.688097221341229 0.367691475514744 0.527186305184212 0.561767770512857 0.673202682781207 0.814219785700467 0.492300069505305 1
I 0.617350571219692 0.316876736780383 0.479147903563663 0.505794495668919 0.513979610122831 0.578788873542918 0.584254282534368 0.355960560156491 0.543511740601876 1 0.835092035368226 0.489695393245358 0.704301412960133 0.776373965878589 0.366242751435152 0.530107857359949 0.588479120444655 0.423364398766253 0.510774998097412 0.871297037465015 1
L 0.716868949758001 0.262887180136044 0.411751264825606 0.472995293281265 0.38101500976146 0.527057503521538 0.628629490177872 0.342259657255741 0.438451335078915 0.835092035368226 1 0.474663788587369 0.610917056917065 0.644420123885452 0.319237250061674 0.496133870529578 0.544138852398848 0.292881568795525 0.383803350411277 0.846223890544179 1
K 0.450130507359024 0.727025864868601 0.675220844305198 0.682048368805243 0.348503906229453 0.82799905470175 0.732566240349345 0.337427240202675 0.653920517179844 0.489695393245358 0.474663788587369 1 0.458719558347956 0.512457596295112 0.339196528960209 0.599459761374209 0.64083725099166 0.354203048167684 0.559787391268872 0.502744742354968 1
M 0.42413483820321 0.319507908372888 0.456124204686691 0.464739652737103 0.630489657845084 0.590765888804745 0.535885383957423 0.178887489638389 0.645105596596413 0.704301412960133 0.610917056917065 0.458719558347956 1 0.789672873172823 0.256753033926551 0.406113246594539 0.445837627115982 0.608398456665529 0.5517031622941 0.610974472720067 1
F 0.42778834492184 0.395511633257199 0.513177495167674 0.511195533954631 0.582993351800989 0.631361432848307 0.543971907786807 0.239284254976679 0.688097221341229 0.776373965878589 0.644420123885452 0.512457596295112 0.789672873172823 1 0.368015078045656 0.465567823244113 0.516183157327121 0.639993150994686 0.677042859590677 0.664498107329637 1
P 0.322666589041335 0.193273232017745 0.544460109891666 0.591650833738568 0.30204941604833 0.420613986588862 0.389724158961595 0.466785559696172 0.367691475514744 0.366242751435152 0.319237250061674 0.339196528960209 0.256753033926551 0.368015078045656 1 0.558392238363557 0.482583779234573 0.209463113161185 0.401097370702828 0.371397794846186 1
S 0.587892678861044 0.425287951886269 0.772280772038012 0.781282477191225 0.459082954700429 0.655850898500714 0.60298682013327 0.713789827742323 0.527186305184212 0.530107857359949 0.496133870529578 0.599459761374209 0.406113246594539 0.465567823244113 0.558392238363557 1 0.875198163403613 0.247547752088356 0.479850511732197 0.595739620019901 1
T 0.604198579355503 0.484343931719015 0.738054011588793 0.716871117004641 0.475022986065483 0.683686047951595 0.607445514340961 0.661362564290761 0.561767770512857 0.588479120444655 0.544138852398848 0.64083725099166 0.445837627115982 0.516183157327121 0.482583779234573 0.875198163403613 1 0.281530448804719 0.51988021340016 0.658512916739669 1
W 0.102353314781376 0.352179775430465 0.397873886196531 0.34788250190309 0.556549529615632 0.483145067808676 0.306623656248183 0 0.673202682781207 0.423364398766253 0.292881568795525 0.354203048167684 0.608398456665529 0.639993150994686 0.209463113161185 0.247547752088356 0.281530448804719 1 0.693220401321681 0.321330096888664 1
Y 0.24702923193131 0.570408748448264 0.630862556573523 0.551685756930254 0.562054113463091 0.668444028896868 0.445240938518629 0.233853611999449 0.814219785700467 0.510774998097412 0.383803350411277 0.559787391268872 0.5517031622941 0.677042859590677 0.401097370702828 0.479850511732197 0.51988021340016 0.693220401321681 1 0.449381597460934 1
V 0.724645844138162 0.312657589799548 0.493747640394378 0.526278637754082 0.472254450272957 0.570122211887244 0.602858352778187 0.452215640972653 0.492300069505305 0.871297037465015 0.846223890544179 0.502744742354968 0.610974472720067 0.664498107329637 0.371397794846186 0.595739620019901 0.658512916739669 0.321330096888664 0.449381597460934 1 1
* 0 0 0 0 0 0 0 0 0 0 0 0 0 0 0 0 0 0 0 0 1
