A R N D C Q E G H I L K M F P S T W Y V *
A 1 0.641129292189938 0.793252696817777 0.70987803540614 0.798230089958228 0.912923639725356 0.798977203685152 0.533553181021608 0.927251241384388 0.562558760645276 0.571439717885094 0.808562321984548 0.596397173725008 0.544527391338888 0.455048732096876 0.815587137663384 0.922676623783377 0.55372499938263 0.801264600549795 0.675573892531676 1
R 0.641129292189938 1 0.846626178223562 0.929103360763123 0.440299045884755 0.726831005286808 0.842152083099251 0.888990625974582 0.568798282829125 0.204323484862438 0.213500709813801 0.832021494995575 0.237819697051974 0.186548900840488 0.813245732944609 0.824330179886981 0.717074293322892 0.195017156954982 0.44335106233344 0.317109132548402 1
N 0.793252696817777 0.846626178223562 1 0.916507725965688 0.591604775786821 0.879809581770381 0.984262596563013 0.736756582585846 0.721467274082162 0.357433574194075 0.366693131768431 0.984173865016538 0.390757714865036 0.339739259215062 0.65987456490843 0.977606448633719 0.870010038049615 0.347867284275173 0.596425241801748 0.470077691002808 1
D 0.70987803540614 0.929103360763123 0.916507725965688 1 0.508374967486405 0.796317478910169 0.909957563585306 0.818181654153881 0.637981042927405 0.274001634427775 0.28329858247088 0.901314508732918 0.307282148713008 0.256344832950568 0.742698354547407 0.894114465114464 0.786518654560604 0.264382085970058 0.512968938900759 0.386604707779899 1
C 0.798230089958228 0.440299045884755 0.591604775786821 0.508374967486405 1 0.711189585766932 0.597941841355039 0.334259537864959 0.867805086378047 0.756909545822526 0.764331589943749 0.607026500078411 0.792012780286429 0.738094028949477 0.255080335903764 0.613896455276155 0.720968437178261 0.750770898809311 0.951362221666514 0.868118724554766 1
Q 0.912923639725356 0.726831005286808 0.879809581770381 0.796317478910169 0.711189585766932 1 0.884223270049186 0.618012179386457 0.841644713944863 0.477487037373669 0.486666452399751 0.894789411047381 0.510905127291151 0.459715349239646 0.540247709658584 0.902202168574135 0.990191868631227 0.468037734523142 0.716511539809908 0.590216522233768 1
E 0.798977203685152 0.842152083099251 0.984262596563013 0.909957563585306 0.597941841355039 0.884223270049186 1 0.733788885081515 0.726596473816835 0.361978181776119 0.371067564378246 0.986036795369154 0.395580364086545 0.344122474000262 0.655868791108539 0.977317361080192 0.874548114776235 0.352814817290798 0.600987853986737 0.474845479047728 1
G 0.533553181021608 0.888990625974582 0.736756582585846 0.818181654153881 0.334259537864959 0.618012179386457 0.733788885081515 1 0.460884971263894 0.0961319866878672 0.105098258868932 0.722720061363352 0.129964425627789 0.0781666181110102 0.919942238023467 0.714692735951759 0.608345513588416 0.087358271714284 0.33503157373168 0.209127480585983 1
H 0.927251241384388 0.568798282829125 0.721467274082162 0.637981042927405 0.867805086378047 0.841644713944863 0.726596473816835 0.460884971263894 1 0.635246921247393 0.644171158778906 0.736567240845082 0.668975449897945 0.617252709822401 0.382514234239592 0.743856218157219 0.851449826047319 0.626215638403769 0.874012039403873 0.748212242073191 1
I 0.562558760645276 0.204323484862438 0.357433574194075 0.274001634427775 0.756909545822526 0.477487037373669 0.361978181776119 0.0961319866878672 0.635246921247393 1 0.988357002245956 0.372278936690031 0.964602054007723 0.980916342757391 0.0178472639161205 0.379813177138311 0.487248692749785 0.980310634407698 0.760972171877225 0.886905236762017 1
L 0.571439717885094 0.213500709813801 0.366693131768431 0.28329858247088 0.764331589943749 0.486666452399751 0.371067564378246 0.105098258868932 0.644171158778906 0.988357002245956 1 0.381475796017005 0.969509106572417 0.973046064370721 0.0269471957309887 0.38906240244105 0.496413822427174 0.969344018226419 0.770062304980296 0.895319206639336 1
K 0.808562321984548 0.832021494995575 0.984173865016538 0.901314508732918 0.607026500078411 0.894789411047381 0.986036795369154 0.722720061363352 0.736567240845082 0.372278936690031 0.381475796017005 1 0.405705008984643 0.354523491566076 0.645360480345831 0.991168717493278 0.885016741218022 0.362855095396629 0.611301647803748 0.485012051456483 1
M 0.596397173725008 0.237819697051974 0.390757714865036 0.307282148713008 0.792012780286429 0.510905127291151 0.395580364086545 0.129964425627789 0.668975449897945 0.964602054007723 0.969509106572417 0.405705008984643 1 0.945537065967432 0.0514910124994468 0.413148438772517 0.520686323459492 0.95684945728385 0.794261259590708 0.920673462585996 1
F 0.544527391338888 0.186548900840488 0.339739259215062 0.256344832950568 0.738094028949477 0.459715349239646 0.344122474000262 0.0781666181110102 0.617252709822401 0.980916342757391 0.973046064370721 0.354523491566076 0.945537065967432 1 0 0.362108661626428 0.469463591117278 0.974049357633371 0.743123969563984 0.868594136362018 1
P 0.455048732096876 0.813245732944609 0.65987456490843 0.742698354547407 0.255080335903764 0.540247709658584 0.655868791108539 0.919942238023467 0.382514234239592 0.0178472639161205 0.0269471957309887 0.645360480345831 0.0514910124994468 0 1 0.637595230086395 0.530516690034233 0.00877635806090793 0.256858294472481 0.130734641678145 1
S 0.815587137663384 0.824330179886981 0.977606448633719 0.894114465114464 0.613896455276155 0.902202168574135 0.977317361080192 0.714692735951759 0.743856218157219 0.379813177138311 0.38906240244105 0.991168717493278 0.413148438772517 0.362108661626428 0.637595230086395 1 0.892401751849924 0.370260076580839 0.618810461111713 0.492467706213485 1
T 0.922676623783377 0.717074293322892 0.870010038049615 0.786518654560604 0.720968437178261 0.990191868631227 0.874548114776235 0.608345513588416 0.851449826047319 0.487248692749785 0.496413822427174 0.885016741218022 0.520686323459492 0.469463591117278 0.530516690034233 0.892401751849924 1 0.477825596265821 0.726275586408217 0.599995001039962 1
W 0.55372499938263 0.195017156954982 0.347867284275173 0.264382085970058 0.750770898809311 0.468037734523142 0.352814817290798 0.087358271714284 0.626215638403769 0.980310634407698 0.969344018226419 0.362855095396629 0.95684945728385 0.974049357633371 0.00877635806090793 0.370260076580839 0.477825596265821 1 0.751262455888005 0.877667344676471 1
Y 0.801264600549795 0.44335106233344 0.596425241801748 0.512968938900759 0.951362221666514 0.716511539809908 0.600987853986737 0.33503157373168 0.874012039403873 0.760972171877225 0.770062304980296 0.611301647803748 0.794261259590708 0.743123969563984 0.256858294472481 0.618810461111713 0.726275586408217 0.751262455888005 1 0.873582070824516 1
V 0.675573892531676 0.317109132548402 0.470077691002808 0.386604707779899 0.868118724554766 0.590216522233768 0.474845479047728 0.209127480585983 0.748212242073191 0.886905236762017 0.895319206639336 0.485012051456483 0.920673462585996 0.868594136362018 0.130734641678145 0.492467706213485 0.599995001039962 0.877667344676471 0.873582070824516 1 1
* 0 0 0 0 0 0 0 0 0 0 0 0 0 0 0 0 0 0 0 0 1
