A R N D C Q E G H I L K M F P S T W Y V *
A 1 0.291692965330461 0.607511595547291 0.684609953171391 0.263050173030866 0.573635214090238 0.672289190077179 0.483788112416375 0.460933790020694 0.6429937023355 0.761841654783243 0.561870700428316 0.496950431989227 0.485032448123646 0.302437351038632 0.656937536822407 0.521385433826824 0.221166867183658 0.3560805681538 0.712326086788251 1
R 0.291692965330461 1 0.461001948488211 0.425858610841458 0.171499073710139 0.620463588065616 0.495971250264639 0 0.551757918069389 0.415570231273501 0.369072732040641 0.640089451592226 0.372947943280982 0.405778287856844 0.163384851268403 0.364492655427623 0.493985581705232 0.254601034771146 0.445514411407486 0.434713863932896 1
N 0.607511595547291 0.461001948488211 1 0.85661399232005 0.454310308501068 0.721552187499107 0.599433262921515 0.470881497018779 0.711544407500914 0.721063196831804 0.650599260228902 0.619437792727441 0.578782228858628 0.663895457601606 0.467622796727249 0.799573618923632 0.698678581475252 0.42898303802475 0.646433600239184 0.745549208463399 1
D 0.684609953171391 0.425858610841458 0.85661399232005 1 0.367252309421746 0.742622190723513 0.6965250120206 0.469651096913585 0.669678887530866 0.732433381134311 0.718577333718316 0.662885987045358 0.588224725088782 0.652772541845372 0.506591979969038 0.7552132982816 0.626332907853707 0.413797997415514 0.590409649022771 0.734053388072838 1
C 0.263050173030866 0.171499073710139 0.454310308501068 0.367252309421746 1 0.348286475454809 0.200796675702836 0.151048846953055 0.443541934043996 0.395996095107682 0.275861403856617 0.176242197100479 0.41180415590123 0.37031699244581 0.149103507352841 0.471333300145059 0.523771592954531 0.204413118724042 0.325953293635365 0.461021328243719 1
Q 0.573635214090238 0.620463588065616 0.721552187499107 0.742622190723513 0.348286475454809 1 0.761333410668672 0.244769627025887 0.803712441318598 0.721184649208249 0.667037481876692 0.800974138449237 0.684876494767867 0.681603910799074 0.393755030668253 0.5897249705072 0.603770678676131 0.473729344998126 0.624393550060754 0.688645237298533 1
E 0.672289190077179 0.495971250264639 0.599433262921515 0.6965250120206 0.200796675702836 0.761333410668672 1 0.245210719604422 0.587749529970192 0.632403580830224 0.713561661949865 0.793897555607607 0.570309011268471 0.549791834596783 0.328741822060174 0.531991774958896 0.495200765573746 0.329573132139782 0.445557364015158 0.627098466074927 1
G 0.483788112416375 0 0.470881497018779 0.469651096913585 0.151048846953055 0.244769627025887 0.245210719604422 1 0.219493612225729 0.379969608343983 0.407050242850533 0.22481781367668 0.193048452867343 0.284741407119203 0.270064745382772 0.541182096766018 0.323093000053057 0.0875403588564341 0.249989065439601 0.41811273496715 1
H 0.460933790020694 0.551757918069389 0.711544407500914 0.669678887530866 0.443541934043996 0.803712441318598 0.587749529970192 0.219493612225729 1 0.723130250672502 0.593339566318722 0.645493308761027 0.752033442935008 0.777018633581665 0.375880346679254 0.546083099684595 0.566318793186675 0.612102784808642 0.751731982632551 0.644572081019493 1
I 0.6429937023355 0.415570231273501 0.721063196831804 0.732433381134311 0.395996095107682 0.721184649208249 0.632403580830224 0.379969608343983 0.723130250672502 1 0.811208569137669 0.620667321209349 0.725763048416612 0.816327045488688 0.438578351731934 0.634089642335046 0.573017515190741 0.528513311160105 0.664160910758637 0.811559888139361 1
L 0.761841654783243 0.369072732040641 0.650599260228902 0.718577333718316 0.275861403856617 0.667037481876692 0.713561661949865 0.407050242850533 0.593339566318722 0.811208569137669 1 0.648687403713453 0.629298515159151 0.682977550339933 0.365703759002802 0.605600196227142 0.507117129561867 0.413821366484524 0.530338087992253 0.762321586977253 1
K 0.561870700428316 0.640089451592226 0.619437792727441 0.662885987045358 0.176242197100479 0.800974138449237 0.793897555607607 0.22481781367668 0.645493308761027 0.620667321209349 0.648687403713453 1 0.549626707781281 0.578756299474966 0.306289577275387 0.503388106904908 0.496108900862163 0.392475934516024 0.540891820850178 0.591770463381405 1
M 0.496950431989227 0.372947943280982 0.578782228858628 0.588224725088782 0.41180415590123 0.684876494767867 0.570309011268471 0.193048452867343 0.752033442935008 0.725763048416612 0.629298515159151 0.549626707781281 1 0.742387851599293 0.284709417711635 0.457941690996636 0.433617714970888 0.604806915390432 0.594499806719415 0.610951315929927 1
F 0.485032448123646 0.405778287856844 0.663895457601606 0.652772541845372 0.37031699244581 0.681603910799074 0.549791834596783 0.284741407119203 0.777018633581665 0.816327045488688 0.682977550339933 0.578756299474966 0.742387851599293 1 0.415395427807906 0.518487259878186 0.476575357988036 0.694268440013989 0.794832672397142 0.656081938042798 1
P 0.302437351038632 0.163384851268403 0.467622796727249 0.506591979969038 0.149103507352841 0.393755030668253 0.328741822060174 0.270064745382772 0.375880346679254 0.438578351731934 0.365703759002802 0.306289577275387 0.284709417711635 0.415395427807906 1 0.425078538070825 0.354895835871909 0.275146518885892 0.417803538171374 0.396835372902565 1
S 0.656937536822407 0.364492655427623 0.799573618923632 0.7552132982816 0.471333300145059 0.5897249705072 0.531991774958896 0.541182096766018 0.546083099684595 0.634089642335046 0.605600196227142 0.503388106904908 0.457941690996636 0.518487259878186 0.425078538070825 1 0.766318807313528 0.252602799678419 0.471291772739307 0.761086734838906 1
T 0.521385433826824 0.493985581705232 0.698678581475252 0.626332907853707 0.523771592954531 0.603770678676131 0.495200765573746 0.323093000053057 0.566318793186675 0.573017515190741 0.507117129561867 0.496108900862163 0.433617714970888 0.476575357988036 0.354895835871909 0.766318807313528 1 0.213627331876279 0.451066719399992 0.719816875915464 1
W 0.221166867183658 0.254601034771146 0.42898303802475 0.413797997415514 0.204413118724042 0.473729344998126 0.329573132139782 0.0875403588564341 0.612102784808642 0.528513311160105 0.413821366484524 0.392475934516024 0.604806915390432 0.694268440013989 0.275146518885892 0.252602799678419 0.213627331876279 1 0.707871973853557 0.360368944277317 1
Y 0.3560805681538 0.445514411407486 0.646433600239184 0.590409649022771 0.325953293635365 0.624393550060754 0.445557364015158 0.249989065439601 0.751731982632551 0.664160910758637 0.530338087992253 0.540891820850178 0.594499806719415 0.794832672397142 0.417803538171374 0.471291772739307 0.451066719399992 0.707871973853557 1 0.544349109504406 1
V 0.712326086788251 0.434713863932896 0.745549208463399 0.734053388072838 0.461021328243719 0.688645237298533 0.627098466074927 0.41811273496715 0.644572081019493 0.811559888139361 0.762321586977253 0.591770463381405 0.610951315929927 0.656081938042798 0.396835372902565 0.761086734838906 0.719816875915464 0.360368944277317 0.544349109504406 1 1
* 0 0 0 0 0 0 0 0 0 0 0 0 0 0 0 0 0 0 0 0 1
