A R N D C Q E G H I L K M F P S T W Y V *
A 1 0.323554640174296 0.742730006406978 0.682748049916969 0.8597959685967 0.616085319045755 0.550547750863937 0.627806891758476 0.63308111217349 0.708852565322 0.710777508541292 0.512554249472627 0.651609603712588 0.672139486487227 0.652552817655064 0.876013344310597 0.942732193749797 0.596269627621878 0.782621166666361 0.782215956808851 1
R 0.323554640174296 1 0.538628415566358 0.566253800213572 0.341266229970292 0.706093016322422 0.754915144460668 0 0.67581230584308 0.267460263502346 0.353651634068949 0.800974842815271 0.491313242419809 0.365347455003736 0.0622162312279663 0.345855545440904 0.339048764086905 0.488374951047989 0.468905675513173 0.276411078892923 1
N 0.742730006406978 0.538628415566358 1 0.937227840089231 0.680814054805932 0.819088246309973 0.782248025273394 0.460969334987425 0.772694210374792 0.53850697013854 0.590095157438228 0.737432149572666 0.629736650049636 0.569066639499822 0.522531964360137 0.803031029767408 0.778175001618232 0.579360747328891 0.736753582002015 0.590122665037958 1
D 0.682748049916969 0.566253800213572 0.937227840089231 1 0.618538273129773 0.821590445450475 0.809089000035106 0.424548543237133 0.753056256741933 0.478519080741493 0.533223729328823 0.762768822376748 0.583429123251183 0.514423181778001 0.491977010748825 0.755758439652639 0.721792189252422 0.536007108531804 0.681224827995872 0.528452394525882 1
C 0.8597959685967 0.341266229970292 0.680814054805932 0.618538273129773 1 0.614882445729652 0.539396411857901 0.514404526654122 0.664415733229626 0.809497005549609 0.816054563677022 0.509498457916416 0.751960668319532 0.78062218987604 0.527824512452955 0.744520264490598 0.808563898272543 0.702669641890018 0.849762587637307 0.870865367669602 1
Q 0.616085319045755 0.706093016322422 0.819088246309973 0.821590445450475 0.614882445729652 1 0.917140315244961 0.288704126608636 0.906142825455839 0.511333421340404 0.587284338210271 0.893730265963495 0.688706755143284 0.583681517187194 0.345378373717864 0.636328013419978 0.632926116328069 0.655628739351382 0.729152117310046 0.538654190427315 1
E 0.550547750863937 0.754915144460668 0.782248025273394 0.809089000035106 0.539396411857901 0.917140315244961 1 0.243657435580441 0.832552313415394 0.428805117912922 0.504530172373016 0.949446856194293 0.610118355848342 0.501458879211433 0.307181208433542 0.586903837891603 0.573141281616116 0.580918014968627 0.647149573049843 0.457800018361935 1
G 0.627806891758476 0 0.460969334987425 0.424548543237133 0.514404526654122 0.288704126608636 0.243657435580441 1 0.279204246103264 0.40819996588272 0.372588851644222 0.198582280706596 0.283117556655719 0.330507565908349 0.909544826017203 0.651753740176905 0.640264154646905 0.229025233755874 0.412344393067377 0.479260955715164 1
H 0.63308111217349 0.67581230584308 0.772694210374792 0.753056256741933 0.664415733229626 0.906142825455839 0.832552313415394 0.279204246103264 1 0.57947121733332 0.660262497285823 0.824873637932878 0.776913893153811 0.661948197223982 0.326808460550185 0.6222075749725 0.636060163871052 0.747221596283862 0.790571576951061 0.597156821691339 1
I 0.708852565322 0.267460263502346 0.53850697013854 0.478519080741493 0.809497005549609 0.511333421340404 0.428805117912922 0.40819996588272 0.57947121733332 1 0.911360893445167 0.411708089370705 0.761342943339918 0.883425449331552 0.40016903025432 0.59610292895877 0.662194532291393 0.733796988415889 0.780788892946036 0.923902593973918 1
L 0.710777508541292 0.353651634068949 0.590095157438228 0.533223729328823 0.816054563677022 0.587284338210271 0.504530172373016 0.372588851644222 0.660262497285823 0.911360893445167 1 0.491148371890716 0.847465631798357 0.957799444372266 0.376751866639849 0.609673142504045 0.670975549308796 0.816032255926648 0.84823058989731 0.880276808777706 1
K 0.512554249472627 0.800974842815271 0.737432149572666 0.762768822376748 0.509498457916416 0.893730265963495 0.949446856194293 0.198582280706596 0.824873637932878 0.411708089370705 0.491148371890716 1 0.605667055928433 0.491992090645154 0.26060729968281 0.543841543575084 0.533093816579369 0.582182993849362 0.627086371192021 0.434926613569267 1
M 0.651609603712588 0.491313242419809 0.629736650049636 0.583429123251183 0.751960668319532 0.688706755143284 0.610118355848342 0.283117556655719 0.776913893153811 0.761342943339918 0.847465631798357 0.605667055928433 1 0.866925191013217 0.304486461140792 0.5760674152047 0.624016997724242 0.943228998836165 0.863655660968783 0.744854909415021 1
F 0.672139486487227 0.365347455003736 0.569066639499822 0.514423181778001 0.78062218987604 0.583681517187194 0.501458879211433 0.330507565908349 0.661948197223982 0.883425449331552 0.957799444372266 0.491992090645154 0.866925191013217 1 0.335522654931122 0.574149886640423 0.633820783336895 0.846229998310831 0.830646154615671 0.840024223075638 1
P 0.652552817655064 0.0622162312279663 0.522531964360137 0.491977010748825 0.527824512452955 0.345378373717864 0.307181208433542 0.909544826017203 0.326808460550185 0.40016903025432 0.376751866639849 0.26060729968281 0.304486461140792 0.335522654931122 1 0.701795362808562 0.675690306845676 0.24889393154035 0.437801977249904 0.474381364845985 1
S 0.876013344310597 0.345855545440904 0.803031029767408 0.755758439652639 0.744520264490598 0.636328013419978 0.586903837891603 0.651753740176905 0.6222075749725 0.59610292895877 0.609673142504045 0.543841543575084 0.5760674152047 0.574149886640423 0.701795362808562 1 0.931801702336004 0.519344150598994 0.711900994474952 0.666246429837833 1
T 0.942732193749797 0.339048764086905 0.778175001618232 0.721792189252422 0.808563898272543 0.632926116328069 0.573141281616116 0.640264154646905 0.636060163871052 0.662194532291393 0.670975549308796 0.533093816579369 0.624016997724242 0.633820783336895 0.675690306845676 0.931801702336004 1 0.567511337211032 0.759624231661093 0.733467720430915 1
W 0.596269627621878 0.488374951047989 0.579360747328891 0.536007108531804 0.702669641890018 0.655628739351382 0.580918014968627 0.229025233755874 0.747221596283862 0.733796988415889 0.816032255926648 0.582182993849362 0.943228998836165 0.846229998310831 0.24889393154035 0.519344150598994 0.567511337211032 1 0.806903957396118 0.705250707534854 1
Y 0.782621166666361 0.468905675513173 0.736753582002015 0.681224827995872 0.849762587637307 0.729152117310046 0.647149573049843 0.412344393067377 0.790571576951061 0.780788892946036 0.84823058989731 0.627086371192021 0.863655660968783 0.830646154615671 0.437801977249904 0.711900994474952 0.759624231661093 0.806903957396118 1 0.806294158734885 1
V 0.782215956808851 0.276411078892923 0.590122665037958 0.528452394525882 0.870865367669602 0.538654190427315 0.457800018361935 0.479260955715164 0.597156821691339 0.923902593973918 0.880276808777706 0.434926613569267 0.744854909415021 0.840024223075638 0.474381364845985 0.666246429837833 0.733467720430915 0.705250707534854 0.806294158734885 1 1
* 0 0 0 0 0 0 0 0 0 0 0 0 0 0 0 0 0 0 0 0 1
