A R N D C Q E G H I L K M F P S T W Y V *
A 1 0.246486018492996 0.471695734907382 0.602502106679737 0.299279798022883 0.52300182110189 0.628504598328468 0.427120034486937 0.371853851965133 0.672772655300099 0.773573646707791 0.516918306745866 0.506237272328869 0.461468986996658 0.372478042677027 0.614027524189687 0.561714140547812 0.161881873054438 0.247574010596662 0.749387472587227 1
R 0.246486018492996 1 0.40817376666877 0.447074995285401 0.227909680641078 0.648301997807067 0.483477200662087 0 0.512771240977169 0.393858628603687 0.305129488913351 0.695231053379674 0.400403555349163 0.360466307262344 0.297771684162516 0.35598920170478 0.476903254931087 0.269508284141386 0.355243075495162 0.393177886134346 1
N 0.471695734907382 0.40817376666877 1 0.764079435242337 0.63623105659409 0.670911017967863 0.466613920650287 0.499900476822196 0.766765292139906 0.663221973016948 0.56800083054789 0.605343906727057 0.644812666715082 0.722801829898595 0.399756074492271 0.809794537855546 0.760751357748787 0.556694763441623 0.704598059241454 0.633331775426425 1
D 0.602502106679737 0.447074995285401 0.764079435242337 1 0.537758351623758 0.777092609992078 0.672245794477083 0.403967850388366 0.682602379964299 0.723528752116216 0.65843167641672 0.677001616436672 0.694178946514991 0.666900269830006 0.574806184520534 0.755243523748494 0.687902761719935 0.459988142393317 0.53026013520374 0.712122455563616 1
C 0.299279798022883 0.227909680641078 0.63623105659409 0.537758351623758 1 0.482901242225217 0.291227874235828 0.335576768359201 0.644979743002525 0.514621074397606 0.398299819454675 0.352447598006546 0.6386619387074 0.612763979774769 0.272717000056252 0.543836119768679 0.491952774008405 0.62874871016334 0.58331549731871 0.471402865219376 1
Q 0.52300182110189 0.648301997807067 0.670911017967863 0.777092609992078 0.482901242225217 1 0.717864374079209 0.252526964426061 0.729929984824692 0.688181464825289 0.597604135097259 0.829683403217954 0.705621462231531 0.633057876484936 0.500468805012776 0.629117446002585 0.674166482858756 0.462927548931601 0.523168351217911 0.675183969524422 1
E 0.628504598328468 0.483477200662087 0.466613920650287 0.672245794477083 0.291227874235828 0.717864374079209 1 0.167914749571924 0.476834612781551 0.61281894521462 0.621255768291225 0.68801359306818 0.5815951600266 0.468372428553425 0.519241910722244 0.499790101789533 0.499673239331754 0.252438582797639 0.283637655595508 0.633009158084662 1
G 0.427120034486937 0 0.499900476822196 0.403967850388366 0.335576768359201 0.252526964426061 0.167914749571924 1 0.287271877204249 0.418681748723078 0.423421757588876 0.240038257932001 0.274766786753811 0.374255178997159 0.12480193288026 0.621382511731859 0.517509506824015 0.147667245209958 0.319137659195649 0.445491721370115 1
H 0.371853851965133 0.512771240977169 0.766765292139906 0.682602379964299 0.644979743002525 0.729929984824692 0.476834612781551 0.287271877204249 1 0.637172029480799 0.51205450791025 0.635221067695718 0.734774238242079 0.766058703651588 0.377154788578661 0.615345301216922 0.641795257760784 0.705812017684179 0.764209549054312 0.575132973184569 1
I 0.672772655300099 0.393858628603687 0.663221973016948 0.723528752116216 0.514621074397606 0.688181464825289 0.61281894521462 0.418681748723078 0.637172029480799 1 0.841501219745947 0.633571384354899 0.74542842381796 0.761539792424593 0.447863731810219 0.711459778452395 0.6977195189207 0.453848972177446 0.531285996064457 0.8953224605441 1
L 0.773573646707791 0.305129488913351 0.56800083054789 0.65843167641672 0.398299819454675 0.597604135097259 0.621255768291225 0.423421757588876 0.51205450791025 0.841501219745947 1 0.580038017114578 0.648878666884152 0.653236900731577 0.38977159269342 0.6548244838386 0.617757535664459 0.337087795039853 0.414555165767625 0.843186086230637 1
K 0.516918306745866 0.695231053379674 0.605343906727057 0.677001616436672 0.352447598006546 0.829683403217954 0.68801359306818 0.240038257932001 0.635221067695718 0.633571384354899 0.580038017114578 1 0.582149020489783 0.558487016214308 0.404059966228277 0.593107693842515 0.682627527015435 0.35874241770182 0.47118861829277 0.638687828476744 1
M 0.506237272328869 0.400403555349163 0.644812666715082 0.694178946514991 0.6386619387074 0.705621462231531 0.5815951600266 0.274766786753811 0.734774238242079 0.74542842381796 0.648878666884152 0.582149020489783 1 0.771941376689644 0.406735013840223 0.587106780341835 0.566479765064988 0.60817220301807 0.564481311543709 0.677396305492366 1
F 0.461468986996658 0.360466307262344 0.722801829898595 0.666900269830006 0.612763979774769 0.633057876484936 0.468372428553425 0.374255178997159 0.766058703651588 0.761539792424593 0.653236900731577 0.558487016214308 0.771941376689644 1 0.374391502304523 0.64326027543627 0.623955259937655 0.671442101923227 0.728687355902423 0.666522203551338 1
P 0.372478042677027 0.297771684162516 0.399756074492271 0.574806184520534 0.272717000056252 0.500468805012776 0.519241910722244 0.12480193288026 0.377154788578661 0.447863731810219 0.38977159269342 0.404059966228277 0.406735013840223 0.374391502304523 1 0.406824263397754 0.357185317927311 0.236336708679036 0.254217389822531 0.441382788617575 1
S 0.614027524189687 0.35598920170478 0.809794537855546 0.755243523748494 0.543836119768679 0.629117446002585 0.499790101789533 0.621382511731859 0.615345301216922 0.711459778452395 0.6548244838386 0.593107693842515 0.587106780341835 0.64326027543627 0.406824263397754 1 0.828941459799838 0.396270218646157 0.549680498323972 0.731704409884021 1
T 0.561714140547812 0.476903254931087 0.760751357748787 0.687902761719935 0.491952774008405 0.674166482858756 0.499673239331754 0.517509506824015 0.641795257760784 0.6977195189207 0.617757535664459 0.682627527015435 0.566479765064988 0.623955259937655 0.357185317927311 0.828941459799838 1 0.384602969651034 0.567243763360926 0.723426869247932 1
W 0.161881873054438 0.269508284141386 0.556694763441623 0.459988142393317 0.62874871016334 0.462927548931601 0.252438582797639 0.147667245209958 0.705812017684179 0.453848972177446 0.337087795039853 0.35874241770182 0.60817220301807 0.671442101923227 0.236336708679036 0.396270218646157 0.384602969651034 1 0.72880256151972 0.365276561196941 1
Y 0.247574010596662 0.355243075495162 0.704598059241454 0.53026013520374 0.58331549731871 0.523168351217911 0.283637655595508 0.319137659195649 0.764209549054312 0.531285996064457 0.414555165767625 0.47118861829277 0.564481311543709 0.728687355902423 0.254217389822531 0.549680498323972 0.567243763360926 0.72880256151972 1 0.458853009246728 1
V 0.749387472587227 0.393177886134346 0.633331775426425 0.712122455563616 0.471402865219376 0.675183969524422 0.633009158084662 0.445491721370115 0.575132973184569 0.8953224605441 0.843186086230637 0.638687828476744 0.677396305492366 0.666522203551338 0.441382788617575 0.731704409884021 0.723426869247932 0.365276561196941 0.458853009246728 1 1
* 0 0 0 0 0 0 0 0 0 0 0 0 0 0 0 0 0 0 0 0 1
