A R N D C Q E G H I L K M F P S T W Y V *
A 1 0.171175660726521 0.385358004972273 0.411335086479211 0.441659081593939 0.483887579147065 0.575052730766824 0.458907316986671 0.419655273772097 0.636136741267051 0.6714322128514 0.451305625621306 0.504151118876386 0.534700750133795 0.336855278674144 0.535072605902574 0.636212592577703 0.272094279767211 0.434151640960593 0.725390467827591 1
R 0.171175660726521 1 0.573484279160564 0.511139751674922 0.495727351760037 0.663707681450217 0.515819471348305 0.139394488095131 0.69514748253267 0.165543151425902 0.112974935353122 0.667868234759352 0.339487390299909 0.290838453043588 0.222799541491517 0.41202077887527 0.425954707271287 0.470178258853636 0.598840419719033 0.189900646338809 1
N 0.385358004972273 0.573484279160564 1 0.890993461995631 0.481944853097411 0.745332277836611 0.665250662130132 0.540094810236085 0.623539620397042 0.225906778798433 0.192933057051338 0.734833907847103 0.286427404240179 0.28549148911129 0.600412301999635 0.795601361759566 0.711985247997149 0.291219612648861 0.579770533884626 0.286030477431845 1
D 0.411335086479211 0.511139751674922 0.890993461995631 1 0.411940964220417 0.72680454430346 0.706043394083361 0.553191178091135 0.579964550003351 0.224257343121965 0.205039660993157 0.73674948462585 0.266787417703854 0.274578517815159 0.655959966997517 0.796194656042174 0.692134847438997 0.252438973320014 0.537186898559671 0.283635859137467 1
C 0.441659081593939 0.495727351760037 0.481944853097411 0.411940964220417 1 0.599490348491603 0.484462340542256 0.29913948201783 0.684860900239477 0.501785271945061 0.41531046875389 0.524190604575136 0.611268973797062 0.566530220836891 0.227989927604707 0.491435827533665 0.617911220040802 0.575993658130868 0.702938312207168 0.544148667844474 1
Q 0.483887579147065 0.663707681450217 0.745332277836611 0.72680454430346 0.599490348491603 1 0.823653172065544 0.391160927210327 0.831552045551944 0.411234432411802 0.376617887423239 0.914196947849808 0.510273535426707 0.49651737716768 0.466226871373405 0.66984100694469 0.70586792805606 0.508003826632595 0.756196621046085 0.451422455165303 1
E 0.575052730766824 0.515819471348305 0.665250662130132 0.706043394083361 0.484462340542256 0.823653172065544 1 0.408411463384557 0.686819972244293 0.441423428057111 0.439168275750777 0.843522033089792 0.490458148374712 0.491797565736259 0.482935359960482 0.657561950904474 0.682831552623736 0.419472170728561 0.634270289753033 0.485032574448721 1
G 0.458907316986671 0.139394488095131 0.540094810236085 0.553191178091135 0.29913948201783 0.391160927210327 0.408411463384557 1 0.278969202178799 0.173023412672744 0.162806380109215 0.364014711356426 0.110902202729714 0.137231860150846 0.575458891750142 0.717283077010771 0.641596723037909 0 0.283817078882378 0.263927865339294 1
H 0.419655273772097 0.69514748253267 0.623539620397042 0.579964550003351 0.684860900239477 0.831552045551944 0.686819972244293 0.278969202178799 1 0.450890552536104 0.391228715307587 0.767912626730613 0.599797215319291 0.573680946741772 0.362039933195201 0.545912220904419 0.619147160881304 0.661854490702383 0.880536245992897 0.470180126306087 1
I 0.636136741267051 0.165543151425902 0.225906778798433 0.224257343121965 0.501785271945061 0.411234432411802 0.441423428057111 0.173023412672744 0.450890552536104 1 0.885015722295508 0.358802943140514 0.764532076437665 0.819743151955807 0.14455502688181 0.310706691829058 0.45059446804592 0.495557875222711 0.502919738583975 0.892639936069502 1
L 0.6714322128514 0.112974935353122 0.192933057051338 0.205039660993157 0.41531046875389 0.376617887423239 0.439168275750777 0.162806380109215 0.391228715307587 0.885015722295508 1 0.335731371386202 0.686546428495625 0.736319207035911 0.129144509768399 0.288839015640293 0.418784616001847 0.412953831974748 0.43098355986041 0.850976761795235 1
K 0.451305625621306 0.667868234759352 0.734833907847103 0.73674948462585 0.524190604575136 0.914196947849808 0.843522033089792 0.364014711356426 0.767912626730613 0.358802943140514 0.335731371386202 1 0.457922771746764 0.441528845425317 0.450910871295269 0.642518340644934 0.653099935377073 0.457352713329439 0.681997805551293 0.398133732718351 1
M 0.504151118876386 0.339487390299909 0.286427404240179 0.266787417703854 0.611268973797062 0.510273535426707 0.490458148374712 0.110902202729714 0.599797215319291 0.764532076437665 0.686546428495625 0.457922771746764 1 0.885243409364793 0.122477765750286 0.311043379828912 0.447711814064013 0.707567766127442 0.633803912988587 0.721728773833831 1
F 0.534700750133795 0.290838453043588 0.28549148911129 0.274578517815159 0.566530220836891 0.49651737716768 0.491797565736259 0.137231860150846 0.573680946741772 0.819743151955807 0.736319207035911 0.441528845425317 0.885243409364793 1 0.171547082839962 0.323183656564972 0.456695307621766 0.669816942003687 0.631779177211121 0.756540309914047 1
P 0.336855278674144 0.222799541491517 0.600412301999635 0.655959966997517 0.227989927604707 0.466226871373405 0.482935359960482 0.575458891750142 0.362039933195201 0.14455502688181 0.129144509768399 0.450910871295269 0.122477765750286 0.171547082839962 1 0.632711769504788 0.538497757375505 0.0956797706683885 0.378519501120915 0.195696429064352 1
S 0.535072605902574 0.41202077887527 0.795601361759566 0.796194656042174 0.491435827533665 0.66984100694469 0.657561950904474 0.717283077010771 0.545912220904419 0.310706691829058 0.288839015640293 0.642518340644934 0.311043379828912 0.323183656564972 0.632711769504788 1 0.845891291968985 0.240042133773599 0.530111931632981 0.388524149007146 1
T 0.636212592577703 0.425954707271287 0.711985247997149 0.692134847438997 0.617911220040802 0.70586792805606 0.682831552623736 0.641596723037909 0.619147160881304 0.45059446804592 0.418784616001847 0.653099935377073 0.447711814064013 0.456695307621766 0.538497757375505 0.845891291968985 1 0.348207168683539 0.618508334257921 0.530585386441381 1
W 0.272094279767211 0.470178258853636 0.291219612648861 0.252438973320014 0.575993658130868 0.508003826632595 0.419472170728561 0 0.661854490702383 0.495557875222711 0.412953831974748 0.457352713329439 0.707567766127442 0.669816942003687 0.0956797706683885 0.240042133773599 0.348207168683539 1 0.697485931957391 0.453857528065048 1
Y 0.434151640960593 0.598840419719033 0.579770533884626 0.537186898559671 0.702938312207168 0.756196621046085 0.634270289753033 0.283817078882378 0.880536245992897 0.502919738583975 0.43098355986041 0.681997805551293 0.633803912988587 0.631779177211121 0.378519501120915 0.530111931632981 0.618508334257921 0.697485931957391 1 0.513655249338062 1
V 0.725390467827591 0.189900646338809 0.286030477431845 0.283635859137467 0.544148667844474 0.451422455165303 0.485032574448721 0.263927865339294 0.470180126306087 0.892639936069502 0.850976761795235 0.398133732718351 0.721728773833831 0.756540309914047 0.195696429064352 0.388524149007146 0.530585386441381 0.453857528065048 0.513655249338062 1 1
* 0 0 0 0 0 0 0 0 0 0 0 0 0 0 0 0 0 0 0 0 1
