A R N D C Q E G H I L K M F P S T W Y V *
A 1 0.134182601224263 0.459400277845074 0.597210882618025 0.257953236546622 0.414404095547885 0.670605447694635 0.49786973745237 0.326468409922346 0.574767954008956 0.728740043397608 0.271557948783241 0.498507363121011 0.461963730072849 0.323558075252645 0.523021057209633 0.263058523516992 0.218570833438685 0.13445601686434 0.624382360507244 1
R 0.134182601224263 1 0.483879317635631 0.28209799437734 0.0680222996077255 0.644697039418003 0.253587516477966 0 0.584934731326504 0.391265621262418 0.270588599519214 0.690238763313814 0.211863037500692 0.365525478540747 0.0274771236075074 0.43585661905806 0.553596163062455 0.257943118293958 0.546580470392859 0.391135932930902 1
N 0.459400277845074 0.483879317635631 1 0.678658136106578 0.409763055476468 0.695481930652583 0.505255239306766 0.431653056392244 0.703367095004052 0.637863242321858 0.560876226619931 0.528307771850021 0.487515094612002 0.646050887333662 0.294022790578185 0.788123877114015 0.564339916628326 0.464993233192246 0.56116273056424 0.64335320286256 1
D 0.597210882618025 0.28209799437734 0.678658136106578 1 0.511498324705554 0.5354706429632 0.724324750661308 0.456632598590098 0.506790561908466 0.542329990044913 0.578129479801965 0.310350105954156 0.575809306364857 0.586618048461332 0.423105606973871 0.603321390428221 0.311237141023218 0.425158805998809 0.285344750321347 0.559150024922526 1
C 0.257953236546622 0.0680222996077255 0.409763055476468 0.511498324705554 1 0.260730771190682 0.365350711812702 0.176343114002532 0.336673018955899 0.307885434845716 0.300945505806453 0.0155235840751455 0.474558002786943 0.44868242740863 0.10844475893092 0.29979141824378 0.077843520171953 0.410149153773145 0.144913864080875 0.30365052491538 1
Q 0.414404095547885 0.644697039418003 0.695481930652583 0.5354706429632 0.260730771190682 1 0.518628609129265 0.210584617613497 0.781250960627482 0.6535864921588 0.542718704649277 0.717043399431964 0.485994201301683 0.601025496148841 0.272704234877896 0.650449719188015 0.622475914061755 0.437480981270012 0.578943388680317 0.637069053801658 1
E 0.670605447694635 0.253587516477966 0.505255239306766 0.724324750661308 0.365350711812702 0.518628609129265 1 0.301688999451706 0.430515000313895 0.51786919154415 0.615254312227759 0.312549770279091 0.591336434429651 0.512073940518215 0.358296490721147 0.476925476879702 0.243218323710172 0.338515685551866 0.177411124710595 0.536265607315883 1
G 0.49786973745237 0 0.431653056392244 0.456632598590098 0.176343114002532 0.210584617613497 0.301688999451706 1 0.19870238480887 0.370966418939291 0.420434723696121 0.11085399564668 0.249063156132421 0.317468168235938 0.227509714999994 0.474865793586288 0.180362970191044 0.12308256050214 0.113810409090603 0.406406937630004 1
H 0.326468409922346 0.584934731326504 0.703367095004052 0.506790561908466 0.336673018955899 0.781250960627482 0.430515000313895 0.19870238480887 1 0.630864482156778 0.488680750813509 0.587162439512809 0.549659758670235 0.70255648412064 0.217336066683159 0.568074067949933 0.522635963756088 0.616657414997699 0.701796788038279 0.563188943609029 1
I 0.574767954008956 0.391265621262418 0.637863242321858 0.542329990044913 0.307885434845716 0.6535864921588 0.51786919154415 0.370966418939291 0.630864482156778 1 0.793962349487788 0.513109813992335 0.580797467750683 0.746910247978727 0.310196396722681 0.662221075438795 0.531830378998359 0.462482474881504 0.510494899265164 0.862373463494903 1
L 0.728740043397608 0.270588599519214 0.560876226619931 0.578129479801965 0.300945505806453 0.542718704649277 0.615254312227759 0.420434723696121 0.488680750813509 0.793962349487788 1 0.410446835006189 0.58187994881635 0.653733777577587 0.288570186575673 0.602606587361638 0.405116542023806 0.369885340198656 0.337122009722286 0.800398238185666 1
K 0.271557948783241 0.690238763313814 0.528307771850021 0.310350105954156 0.0155235840751455 0.717043399431964 0.312549770279091 0.11085399564668 0.587162439512809 0.513109813992335 0.410446835006189 1 0.251248602903015 0.400000558103295 0.0857980522284983 0.55011270759148 0.697122097520397 0.228063703714708 0.557048352820278 0.517254790271797 1
M 0.498507363121011 0.211863037500692 0.487515094612002 0.575809306364857 0.474558002786943 0.485994201301683 0.591336434429651 0.249063156132421 0.549659758670235 0.580797467750683 0.58187994881635 0.251248602903015 1 0.717088555077189 0.256590241335257 0.385308515092015 0.191468494150692 0.645696854179924 0.306274016223669 0.504752558694294 1
F 0.461963730072849 0.365525478540747 0.646050887333662 0.586618048461332 0.44868242740863 0.601025496148841 0.512073940518215 0.317468168235938 0.70255648412064 0.746910247978727 0.653733777577587 0.400000558103295 0.717088555077189 1 0.283452487472032 0.5405690663381 0.382763035065249 0.697984833787356 0.538503108842322 0.647128915203306 1
P 0.323558075252645 0.0274771236075074 0.294022790578185 0.423105606973871 0.10844475893092 0.272704234877896 0.358296490721147 0.227509714999994 0.217336066683159 0.310196396722681 0.288570186575673 0.0857980522284983 0.256590241335257 0.283452487472032 1 0.310004335925885 0.120484029246085 0.174279404867792 0.0751488367769098 0.299290836366911 1
S 0.523021057209633 0.43585661905806 0.788123877114015 0.603321390428221 0.29979141824378 0.650449719188015 0.476925476879702 0.474865793586288 0.568074067949933 0.662221075438795 0.602606587361638 0.55011270759148 0.385308515092015 0.5405690663381 0.310004335925885 1 0.665242947183933 0.299327102778744 0.473988422209198 0.732463136301118 1
T 0.263058523516992 0.553596163062455 0.564339916628326 0.311237141023218 0.077843520171953 0.622475914061755 0.243218323710172 0.180362970191044 0.522635963756088 0.531830378998359 0.405116542023806 0.697122097520397 0.191468494150692 0.382763035065249 0.120484029246085 0.665242947183933 1 0.172202453299548 0.555912964849441 0.574683158613134 1
W 0.218570833438685 0.257943118293958 0.464993233192246 0.425158805998809 0.410149153773145 0.437480981270012 0.338515685551866 0.12308256050214 0.616657414997699 0.462482474881504 0.369885340198656 0.228063703714708 0.645696854179924 0.697984833787356 0.174279404867792 0.299327102778744 0.172202453299548 1 0.466263041496099 0.355646714713378 1
Y 0.13445601686434 0.546580470392859 0.56116273056424 0.285344750321347 0.144913864080875 0.578943388680317 0.177411124710595 0.113810409090603 0.701796788038279 0.510494899265164 0.337122009722286 0.557048352820278 0.306274016223669 0.538503108842322 0.0751488367769098 0.473988422209198 0.555912964849441 0.466263041496099 1 0.443177742507 1
V 0.624382360507244 0.391135932930902 0.64335320286256 0.559150024922526 0.30365052491538 0.637069053801658 0.536265607315883 0.406406937630004 0.563188943609029 0.862373463494903 0.800398238185666 0.517254790271797 0.504752558694294 0.647128915203306 0.299290836366911 0.732463136301118 0.574683158613134 0.355646714713378 0.443177742507 1 1
* 0 0 0 0 0 0 0 0 0 0 0 0 0 0 0 0 0 0 0 0 1
