A R N D C Q E G H I L K M F P S T W Y V *
A 1 0.328248094523886 0.471478296139117 0.54747865951741 0.214403266183014 0.507310982895538 0.675736284991861 0.567455315551518 0.325160741606537 0.547646447594605 0.676131505151127 0.57782964094717 0.429747479137793 0.354666377811244 0.0699717950805095 0.618805453009643 0.614849181332667 0 0.180488435712215 0.663194192356338 1
R 0.328248094523886 1 0.623172792064183 0.621601706431783 0.452032993825861 0.773250684195808 0.610552352101327 0.190745306768689 0.739399041112082 0.506335801920237 0.490329346826899 0.736164681919963 0.670275477086665 0.575956963750875 0.248110528907132 0.474541443251059 0.496016471868529 0.442598424919394 0.531071153489207 0.472953175061687 1
N 0.471478296139117 0.623172792064183 1 0.890631181946788 0.632583493629789 0.815297843237333 0.611445480813852 0.528526672222338 0.744555763702132 0.624706148392622 0.563256081826364 0.693008529705734 0.648220478923623 0.618824849608907 0.530052786861331 0.800383023431304 0.809278562753008 0.413088705603848 0.617323724601519 0.627925066227634 1
D 0.54747865951741 0.621601706431783 0.890631181946788 1 0.527694023650621 0.824121941598621 0.701807713670917 0.55680903544107 0.671242724479156 0.601283923475937 0.583811374058712 0.761469040314169 0.609819127690718 0.554320324761081 0.435992696591636 0.827512129723706 0.815041319342956 0.318749164517166 0.516069397945408 0.633152513016388 1
C 0.214403266183014 0.452032993825861 0.632583493629789 0.527694023650621 1 0.555295622177203 0.300893574266763 0.325242758693353 0.711847240142844 0.579920334333182 0.424305509706043 0.397259986812413 0.623334344315267 0.707428695390656 0.65075907052802 0.523676517107142 0.566473153900221 0.670499826488604 0.854370314423837 0.504716230312416 1
Q 0.507310982895538 0.773250684195808 0.815297843237333 0.824121941598621 0.555295622177203 1 0.724207749522764 0.414935960317806 0.78417073312687 0.664717827692066 0.643181702637851 0.839383282801545 0.747400460581574 0.660473071120973 0.369708374597151 0.699093025412035 0.722038624631036 0.418076288751468 0.582032086148167 0.659311589439687 1
E 0.675736284991861 0.610552352101327 0.611445480813852 0.701807713670917 0.300893574266763 0.724207749522764 1 0.4190879351183 0.511967778077035 0.547788360600717 0.642038486529192 0.867751711694782 0.556207535598519 0.445680451270155 0.142955760156259 0.628780507091485 0.625800898266366 0.152895012225959 0.312058118937859 0.60961149043416 1
G 0.567455315551518 0.190745306768689 0.528526672222338 0.55680903544107 0.325242758693353 0.414935960317806 0.4190879351183 1 0.30146834453036 0.443240963554046 0.441305441521352 0.388147636139041 0.311212047444478 0.300368715962544 0.336709669880362 0.713506107314305 0.678737967359018 0.0228255727067607 0.239161025289943 0.528658924731011 1
H 0.325160741606537 0.739399041112082 0.744555763702132 0.671242724479156 0.711847240142844 0.78417073312687 0.511967778077035 0.30146834453036 1 0.634555966807402 0.535753125497849 0.632634966722853 0.782397868050786 0.762486089364316 0.46859719219889 0.576644151866511 0.614464215055783 0.630689832468863 0.779236645717124 0.569616786486758 1
I 0.547646447594605 0.506335801920237 0.624706148392622 0.601283923475937 0.579920334333182 0.664717827692066 0.547788360600717 0.443240963554046 0.634555966807402 1 0.830978612779292 0.589207327486292 0.797091771837046 0.784734298551791 0.314169277404875 0.64289669456422 0.701643252571626 0.412228155417135 0.563153663954008 0.880505132525371 1
L 0.676131505151127 0.490329346826899 0.563256081826364 0.583811374058712 0.424305509706043 0.643181702637851 0.642038486529192 0.441305441521352 0.535753125497849 0.830978612779292 1 0.639236118425077 0.7074873427598 0.641656545130214 0.182317944140874 0.620992136446647 0.664481098418412 0.269596389039485 0.416224594507621 0.883761207844752 1
K 0.57782964094717 0.736164681919963 0.693008529705734 0.761469040314169 0.397259986812413 0.839383282801545 0.867751711694782 0.388147636139041 0.632634966722853 0.589207327486292 0.639236118425077 1 0.645208492209655 0.535443530707815 0.226623705347261 0.643938079471743 0.650981476850362 0.272932701144752 0.424450172358997 0.61841658436124 1
M 0.429747479137793 0.670275477086665 0.648220478923623 0.609819127690718 0.623334344315267 0.747400460581574 0.556207535598519 0.311212047444478 0.782397868050786 0.797091771837046 0.7074873427598 0.645208492209655 1 0.866908213402647 0.323249192530442 0.567721589976142 0.621374465357046 0.544681872538846 0.661208152285157 0.71122497176899 1
F 0.354666377811244 0.575956963750875 0.618824849608907 0.554320324761081 0.707428695390656 0.660473071120973 0.445680451270155 0.300368715962544 0.762486089364316 0.784734298551791 0.641656545130214 0.535443530707815 0.866908213402647 1 0.388560018791996 0.537902326606541 0.59517770626662 0.624557284765462 0.742804922267751 0.673406846513741 1
P 0.0699717950805095 0.248110528907132 0.530052786861331 0.435992696591636 0.65075907052802 0.369708374597151 0.142955760156259 0.336709669880362 0.46859719219889 0.314169277404875 0.182317944140874 0.226623705347261 0.323249192530442 0.388560018791996 1 0.445840103424872 0.452256375994651 0.414217758781973 0.57471155979753 0.280418231012508 1
S 0.618805453009643 0.474541443251059 0.800383023431304 0.827512129723706 0.523676517107142 0.699093025412035 0.628780507091485 0.713506107314305 0.576644151866511 0.64289669456422 0.620992136446647 0.643938079471743 0.567721589976142 0.537902326606541 0.445840103424872 1 0.937685131722377 0.260721551383347 0.47251452339782 0.702854077391123 1
T 0.614849181332667 0.496016471868529 0.809278562753008 0.815041319342956 0.566473153900221 0.722038624631036 0.625800898266366 0.678737967359018 0.614464215055783 0.701643252571626 0.664481098418412 0.650981476850362 0.621374465357046 0.59517770626662 0.452256375994651 0.937685131722377 1 0.306061049872048 0.514964757234917 0.753209468953304 1
W 0 0.442598424919394 0.413088705603848 0.318749164517166 0.670499826488604 0.418076288751468 0.152895012225959 0.0228255727067607 0.630689832468863 0.412228155417135 0.269596389039485 0.272932701144752 0.544681872538846 0.624557284765462 0.414217758781973 0.260721551383347 0.306061049872048 1 0.780288255509338 0.306129823232395 1
Y 0.180488435712215 0.531071153489207 0.617323724601519 0.516069397945408 0.854370314423837 0.582032086148167 0.312058118937859 0.239161025289943 0.779236645717124 0.563153663954008 0.416224594507621 0.424450172358997 0.661208152285157 0.742804922267751 0.57471155979753 0.47251452339782 0.514964757234917 0.780288255509338 1 0.473782740220881 1
V 0.663194192356338 0.472953175061687 0.627925066227634 0.633152513016388 0.504716230312416 0.659311589439687 0.60961149043416 0.528658924731011 0.569616786486758 0.880505132525371 0.883761207844752 0.61841658436124 0.71122497176899 0.673406846513741 0.280418231012508 0.702854077391123 0.753209468953304 0.306129823232395 0.473782740220881 1 1
* 0 0 0 0 0 0 0 0 0 0 0 0 0 0 0 0 0 0 0 0 1
