A R N D C Q E G H I L K M F P S T W Y V *
A 1 0.481763539377549 0.357249743076641 0.340581230228563 0.192512420559448 0.623797880903033 0.545294147165413 0.599752625086359 0.362282994106254 0.731120085851525 0.824087720573917 0.582066312681711 0.783331765279099 0.663624133453528 0.484968493194177 0.505713316018743 0.518699804351693 0.468214593700321 0.456922280276814 0.701946684407941 1
R 0.481763539377549 1 0.476058390349886 0.322475721438444 0.224669691048164 0.700920585801899 0.410337563197275 0.351210021379152 0.522146243264357 0.535582620086256 0.490714074998024 0.742933512552284 0.493252596123371 0.57381543253691 0.208351522475474 0.577841535389043 0.593912694881115 0.417736320851669 0.623150260685838 0.561669056180073 1
N 0.357249743076641 0.476058390349886 1 0.593814760170769 0.43051901937797 0.558923970399575 0.464063773640415 0.383861182647627 0.781764532876237 0.347583652332253 0.342932977637544 0.470792926294888 0.337318504825369 0.530560523740828 0.208611418498663 0.738215225399829 0.570283398153736 0.466603628084762 0.678515967681855 0.360727634271445 1
D 0.340581230228563 0.322475721438444 0.593814760170769 1 0.426154574903824 0.511498386374427 0.686393365727179 0.321049096763069 0.446094788551905 0.284771664935905 0.292070031344222 0.319480039238067 0.325891129153591 0.398369398157504 0.275474586188491 0.499719532673363 0.391369434800552 0.43257111525818 0.443065950977067 0.286498260185587 1
C 0.192512420559448 0.224669691048164 0.43051901937797 0.426154574903824 1 0.361937796329794 0.32946496844807 0.110217788401285 0.34217480149484 0.154635685062317 0.160054084992303 0.1959908328652 0.278212093005434 0.265110481939405 0 0.430719104990342 0.332144909753445 0.332028940258137 0.282464907736158 0.199388363062239 1
Q 0.623797880903033 0.700920585801899 0.558923970399575 0.511498386374427 0.361937796329794 1 0.63958083099958 0.426025575217989 0.527988436531153 0.659505023861348 0.61750670995293 0.748398509494437 0.656498538147889 0.637827197742199 0.335477389798295 0.668511129211741 0.659932096830228 0.513909319597373 0.639347422717742 0.67007516197631 1
E 0.545294147165413 0.410337563197275 0.464063773640415 0.686393365727179 0.32946496844807 0.63958083099958 1 0.374164289070266 0.369031308048242 0.484899053663615 0.489096042349364 0.445248899364651 0.520484392310895 0.473292183930921 0.370408052008605 0.481125596528886 0.441424584459904 0.429935628705023 0.421799329296893 0.481127996048832 1
G 0.599752625086359 0.351210021379152 0.383861182647627 0.321049096763069 0.110217788401285 0.426025575217989 0.374164289070266 1 0.383212080105926 0.449458541690929 0.537747980721297 0.432125708696676 0.483067190139518 0.599278207207977 0.522362264650117 0.446800809120372 0.368930204199392 0.441431405466325 0.447711644796618 0.410478574830139 1
H 0.362282994106254 0.522146243264357 0.781764532876237 0.446094788551905 0.34217480149484 0.527988436531153 0.369031308048242 0.383212080105926 1 0.353764423670295 0.360935158389913 0.497831746989882 0.350650638980487 0.596518301620641 0.192830334425986 0.696140801038713 0.561826271290129 0.485626909807803 0.727639703170116 0.359331330865737 1
I 0.731120085851525 0.535582620086256 0.347583652332253 0.284771664935905 0.154635685062317 0.659505023861348 0.484899053663615 0.449458541690929 0.353764423670295 1 0.804860445515247 0.64138522130078 0.706729652297244 0.637057373164508 0.388854839123926 0.502100587675683 0.564862245351712 0.406630943147468 0.506205238901359 0.869861392248597 1
L 0.824087720573917 0.490714074998024 0.342932977637544 0.292070031344222 0.160054084992303 0.61750670995293 0.489096042349364 0.537747980721297 0.360935158389913 0.804860445515247 1 0.627183139285378 0.767989995562703 0.705079382876729 0.441664831794573 0.472626958645208 0.497539327006728 0.497960526523913 0.501490158990948 0.719614622207996 1
K 0.582066312681711 0.742933512552284 0.470792926294888 0.319480039238067 0.1959908328652 0.748398509494437 0.445248899364651 0.432125708696676 0.497831746989882 0.64138522130078 0.627183139285378 1 0.590484542345606 0.630671783060251 0.269357649730879 0.564502326048409 0.556982293186548 0.445958126019381 0.63119127285302 0.621364974689429 1
M 0.783331765279099 0.493252596123371 0.337318504825369 0.325891129153591 0.278212093005434 0.656498538147889 0.520484392310895 0.483067190139518 0.350650638980487 0.706729652297244 0.767989995562703 0.590484542345606 1 0.648913783440808 0.383543740261623 0.481522562596917 0.498637081788354 0.519234902394621 0.45620953298261 0.67821837024851 1
F 0.663624133453528 0.57381543253691 0.530560523740828 0.398369398157504 0.265110481939405 0.637827197742199 0.473292183930921 0.599278207207977 0.596518301620641 0.637057373164508 0.705079382876729 0.630671783060251 0.648913783440808 1 0.434031040759616 0.609119171323373 0.573332329040684 0.670935257795128 0.718799586119435 0.588126928807745 1
P 0.484968493194177 0.208351522475474 0.208611418498663 0.275474586188491 0 0.335477389798295 0.370408052008605 0.522362264650117 0.192830334425986 0.388854839123926 0.441664831794573 0.269357649730879 0.383543740261623 0.434031040759616 1 0.277679386188069 0.261537390007223 0.342934551221173 0.290977996215106 0.334929794308178 1
S 0.505713316018743 0.577841535389043 0.738215225399829 0.499719532673363 0.430719104990342 0.668511129211741 0.481125596528886 0.446800809120372 0.696140801038713 0.502100587675683 0.472626958645208 0.564502326048409 0.481522562596917 0.609119171323373 0.277679386188069 1 0.798177206776993 0.475453190102638 0.681624985840865 0.545747256937324 1
T 0.518699804351693 0.593912694881115 0.570283398153736 0.391369434800552 0.332144909753445 0.659932096830228 0.441424584459904 0.368930204199392 0.561826271290129 0.564862245351712 0.497539327006728 0.556982293186548 0.498637081788354 0.573332329040684 0.261537390007223 0.798177206776993 1 0.433885406897621 0.624553211926798 0.625710342092936 1
W 0.468214593700321 0.417736320851669 0.466603628084762 0.43257111525818 0.332028940258137 0.513909319597373 0.429935628705023 0.441431405466325 0.485626909807803 0.406630943147468 0.497960526523913 0.445958126019381 0.519234902394621 0.670935257795128 0.342934551221173 0.475453190102638 0.433885406897621 1 0.607002744713841 0.359717524878828 1
Y 0.456922280276814 0.623150260685838 0.678515967681855 0.443065950977067 0.282464907736158 0.639347422717742 0.421799329296893 0.447711644796618 0.727639703170116 0.506205238901359 0.501490158990948 0.63119127285302 0.45620953298261 0.718799586119435 0.290977996215106 0.681624985840865 0.624553211926798 0.607002744713841 1 0.481864726569384 1
V 0.701946684407941 0.561669056180073 0.360727634271445 0.286498260185587 0.199388363062239 0.67007516197631 0.481127996048832 0.410478574830139 0.359331330865737 0.869861392248597 0.719614622207996 0.621364974689429 0.67821837024851 0.588126928807745 0.334929794308178 0.545747256937324 0.625710342092936 0.359717524878828 0.481864726569384 1 1
* 0 0 0 0 0 0 0 0 0 0 0 0 0 0 0 0 0 0 0 0 1
