A R N D C Q E G H I L K M F P S T W Y V *
A 1 0.27353488514365 0.579647515974298 0.56141053507461 0.290203118510646 0.400171694189879 0.625024881319084 0.54374136609068 0.660195760938454 0.29441151378612 0.803607764370701 0.395151204801895 0.777258507321992 0.688750025788568 0.437740651507973 0.437085536634487 0.226918935551296 0.499246663000939 0.147057629349446 0.214109885218159 1
R 0.27353488514365 1 0.521058709297093 0.24273787913035 0.252328629244747 0.641511931819352 0.143534607740455 0.221139091764115 0.484617496607508 0.47657341347713 0.263342791114933 0.634292406118723 0.318403554951346 0.42371337356659 0.0819465397559919 0.579873122676474 0.551550734036462 0.197613358571683 0.463425136590987 0.512821664071651 1
N 0.579647515974298 0.521058709297093 1 0.587136013351388 0.491074259164125 0.618112782799658 0.452027801321243 0.584007206542687 0.712520674576201 0.447983940114494 0.535846073048891 0.573928632146211 0.568387327711076 0.632530988027662 0.423010253404867 0.757711396346404 0.47944192658282 0.415398222900617 0.368080246031007 0.423744514354081 1
D 0.56141053507461 0.24273787913035 0.587136013351388 1 0.278875945731399 0.420686469427609 0.695984650783764 0.468911557021252 0.508732641339737 0.272033711873454 0.447556177040004 0.2717560656731 0.45541153984291 0.501218037476233 0.557151889726152 0.455819627163157 0.253534376997065 0.325792366862378 0.166462216702925 0.222998264590858 1
C 0.290203118510646 0.252328629244747 0.491074259164125 0.278875945731399 1 0.285479855777115 0.231623087429252 0.220550653778866 0.368093057462266 0.111202415615756 0.270227009774086 0.271489046143709 0.346768274700384 0.255922753919992 0.160143971995416 0.4047054348049 0.188793345510734 0.164900904246304 0.0233174006322391 0.133329453589791 1
Q 0.400171694189879 0.641511931819352 0.618112782799658 0.420686469427609 0.285479855777115 1 0.310380644336905 0.280684862819098 0.488821372330092 0.716400689825018 0.386181279268165 0.697781653699602 0.413778182259896 0.528172998236117 0.230479580878791 0.708871263751484 0.620656436234077 0.304354670406075 0.582764418524887 0.710694435447256 1
E 0.625024881319084 0.143534607740455 0.452027801321243 0.695984650783764 0.231623087429252 0.310380644336905 1 0.350415285541984 0.460570278384442 0.175522545989906 0.498263171538485 0.205237458415758 0.492522672786387 0.433798131659427 0.462807792063038 0.291020744784473 0.0980287694212086 0.285968753212198 0 0.113248191654203 1
G 0.54374136609068 0.221139091764115 0.584007206542687 0.468911557021252 0.220550653778866 0.280684862819098 0.350415285541984 1 0.562647974031026 0.187878473037174 0.493775315139798 0.309097594848205 0.470623497999424 0.530761691713351 0.444205161713978 0.428179566149581 0.179560885581765 0.39191386719146 0.146259789602853 0.125677056108038 1
H 0.660195760938454 0.484617496607508 0.712520674576201 0.508732641339737 0.368093057462266 0.488821372330092 0.460570278384442 0.562647974031026 1 0.350691068244251 0.589694030071643 0.471972312205849 0.690498017980945 0.696804431035205 0.367738274371434 0.575792989308382 0.393563046015499 0.396945810179869 0.245642361856416 0.304724655896233 1
I 0.29441151378612 0.47657341347713 0.447983940114494 0.272033711873454 0.111202415615756 0.716400689825018 0.175522545989906 0.187878473037174 0.350691068244251 1 0.319204656817257 0.572575943740138 0.298669836786854 0.463776622400112 0.124804991410185 0.574651721197964 0.600738502682084 0.232072796433351 0.643321107795432 0.847417560692376 1
L 0.803607764370701 0.263342791114933 0.535846073048891 0.447556177040004 0.270227009774086 0.386181279268165 0.498263171538485 0.493775315139798 0.589694030071643 0.319204656817257 1 0.441487828656151 0.762510833994364 0.731418443872542 0.373173376793873 0.415954071923483 0.212626226568424 0.632312416212266 0.199523377627554 0.223628706096068 1
K 0.395151204801895 0.634292406118723 0.573928632146211 0.2717560656731 0.271489046143709 0.697781653699602 0.205237458415758 0.309097594848205 0.471972312205849 0.572575943740138 0.441487828656151 1 0.437209982458571 0.529942052185904 0.145711839599005 0.604173406485592 0.46316105769776 0.408235702508323 0.543176200332016 0.540368508416508 1
M 0.777258507321992 0.318403554951346 0.568387327711076 0.45541153984291 0.346768274700384 0.413778182259896 0.492522672786387 0.470623497999424 0.690498017980945 0.298669836786854 0.762510833994364 0.437209982458571 1 0.711064251984902 0.320746010414586 0.441873211600365 0.24522472386662 0.527842204090707 0.176678793147073 0.2215004653207 1
F 0.688750025788568 0.42371337356659 0.632530988027662 0.501218037476233 0.255922753919992 0.528172998236117 0.433798131659427 0.530761691713351 0.696804431035205 0.463776622400112 0.731418443872542 0.529942052185904 0.711064251984902 1 0.379716636324093 0.563828812310268 0.397094398543102 0.61548430760987 0.395388859863246 0.369187976002146 1
P 0.437740651507973 0.0819465397559919 0.423010253404867 0.557151889726152 0.160143971995416 0.230479580878791 0.462807792063038 0.444205161713978 0.367738274371434 0.124804991410185 0.373173376793873 0.145711839599005 0.320746010414586 0.379716636324093 1 0.310886287213336 0.106314567477444 0.27685802648933 0.0363916003905569 0.0662323092051216 1
S 0.437085536634487 0.579873122676474 0.757711396346404 0.455819627163157 0.4047054348049 0.708871263751484 0.291020744784473 0.428179566149581 0.575792989308382 0.574651721197964 0.415954071923483 0.604173406485592 0.441873211600365 0.563828812310268 0.310886287213336 1 0.695183625963098 0.321500495186855 0.514167980954182 0.584251012299938 1
T 0.226918935551296 0.551550734036462 0.47944192658282 0.253534376997065 0.188793345510734 0.620656436234077 0.0980287694212086 0.179560885581765 0.393563046015499 0.600738502682084 0.212626226568424 0.46316105769776 0.24522472386662 0.397094398543102 0.106314567477444 0.695183625963098 1 0.120106996096559 0.545478230741351 0.660394163611014 1
W 0.499246663000939 0.197613358571683 0.415398222900617 0.325792366862378 0.164900904246304 0.304354670406075 0.285968753212198 0.39191386719146 0.396945810179869 0.232072796433351 0.632312416212266 0.408235702508323 0.527842204090707 0.61548430760987 0.27685802648933 0.321500495186855 0.120106996096559 1 0.265895890008884 0.12967929494133 1
Y 0.147057629349446 0.463425136590987 0.368080246031007 0.166462216702925 0.0233174006322391 0.582764418524887 0 0.146259789602853 0.245642361856416 0.643321107795432 0.199523377627554 0.543176200332016 0.176678793147073 0.395388859863246 0.0363916003905569 0.514167980954182 0.545478230741351 0.265895890008884 1 0.611359750534094 1
V 0.214109885218159 0.512821664071651 0.423744514354081 0.222998264590858 0.133329453589791 0.710694435447256 0.113248191654203 0.125677056108038 0.304724655896233 0.847417560692376 0.223628706096068 0.540368508416508 0.2215004653207 0.369187976002146 0.0662323092051216 0.584251012299938 0.660394163611014 0.12967929494133 0.611359750534094 1 1
* 0 0 0 0 0 0 0 0 0 0 0 0 0 0 0 0 0 0 0 0 1
