A R N D C Q E G H I L K M F P S T W Y V *
A 1 0.227439315497314 0.600032254799421 0.414675592990457 0.408974724116661 0.480877996880661 0.540543714788131 0.523450502966401 0.550727559470779 0.259442279746896 0.665965879222828 0.406292055909583 0.670067086826133 0.542568861433249 0.357012365268836 0.558874868399906 0.28612232752781 0.346331592174885 0.249270180178457 0.28312637163581 1
R 0.227439315497314 1 0.22282466821177 0.0563510259521974 0.168053526664779 0.562792617083562 0.0632093108548296 0.098367852617829 0.252748763884401 0.300820981007637 0.13291900638856 0.636335478176978 0.194110388207207 0.18834523552918 0 0.341573670761539 0.358391671057834 0.160417714755293 0.388061981174536 0.425206955930066 1
N 0.600032254799421 0.22282466821177 1 0.500468324485896 0.423917227305246 0.551857294069466 0.518262766506856 0.453156033651865 0.566795963630644 0.345723483030495 0.518945192755241 0.367905158393761 0.576800336853956 0.52400473982005 0.362752176877644 0.709222786860052 0.405438813529854 0.235727797619026 0.30308026263932 0.361950609597817 1
D 0.414675592990457 0.0563510259521974 0.500468324485896 1 0.438657724340628 0.41834787158667 0.678858647656482 0.161499479559899 0.327284475615276 0.253505321265788 0.465541625771917 0.141158048902881 0.47916690651019 0.547689053451919 0.327074153801797 0.347733101598674 0.203493656845038 0.413875027572931 0.331936346833795 0.236647072140151 1
C 0.408974724116661 0.168053526664779 0.423917227305246 0.438657724340628 1 0.393256425655208 0.45595084900392 0.16167387564181 0.38974609962822 0.100112242824431 0.393156311529513 0.299218082315509 0.448061696793045 0.338367272881018 0.224506941289315 0.316540381080697 0.0842608736350638 0.327155309931219 0.202756382886295 0.144898662743316 1
Q 0.480877996880661 0.562792617083562 0.551857294069466 0.41834787158667 0.393256425655208 1 0.39622653116088 0.260893328920305 0.460209286288115 0.543612256864947 0.41899259683686 0.587752393882522 0.498188934334857 0.496713421556037 0.261673398280057 0.60022250329862 0.561196970594488 0.349696254188229 0.567340965950064 0.624806410125708 1
E 0.540543714788131 0.0632093108548296 0.518262766506856 0.678858647656482 0.45595084900392 0.39622653116088 1 0.198319273978184 0.41911550030693 0.225072132946462 0.606397143277807 0.217732497636971 0.480566823999734 0.512108083116952 0.400071089143557 0.331353898290011 0.120347870338921 0.402930754077444 0.248873803397221 0.219351282491018 1
G 0.523450502966401 0.098367852617829 0.453156033651865 0.161499479559899 0.16167387564181 0.260893328920305 0.198319273978184 1 0.359804640719384 0.0581705431497559 0.298333006891465 0.206248485049101 0.3851251373853 0.264227837738413 0.260163042240486 0.442485501082853 0.18136811572097 0.0265642583765495 0.0340965151929878 0.0799866264912742 1
H 0.550727559470779 0.252748763884401 0.566795963630644 0.327284475615276 0.38974609962822 0.460209286288115 0.41911550030693 0.359804640719384 1 0.170059945797494 0.445044076279781 0.456153611842529 0.443614871650209 0.423479394784408 0.251720777406066 0.469362229810123 0.221786285208065 0.197907653218596 0.272831393366069 0.222297927226194 1
I 0.259442279746896 0.300820981007637 0.345723483030495 0.253505321265788 0.100112242824431 0.543612256864947 0.225072132946462 0.0581705431497559 0.170059945797494 1 0.347798294092756 0.295354465950847 0.30164243414 0.455249536560893 0.144707046877901 0.378873249199359 0.509268534955925 0.303502741948331 0.573877587047092 0.824641033058901 1
L 0.665965879222828 0.13291900638856 0.518945192755241 0.465541625771917 0.393156311529513 0.41899259683686 0.606397143277807 0.298333006891465 0.445044076279781 0.347798294092756 1 0.299206002988704 0.626508402128207 0.697583381047103 0.368326727732661 0.397617109046995 0.209446392053603 0.520584286092507 0.349138134874411 0.324441934824699 1
K 0.406292055909583 0.636335478176978 0.367905158393761 0.141158048902881 0.299218082315509 0.587752393882522 0.217732497636971 0.206248485049101 0.456153611842529 0.295354465950847 0.299206002988704 1 0.305118138513488 0.266431388700732 0.0681117150563608 0.43413081156831 0.29683591224911 0.222091124935354 0.3678154691037 0.414203485898825 1
M 0.670067086826133 0.194110388207207 0.576800336853956 0.47916690651019 0.448061696793045 0.498188934334857 0.480566823999734 0.3851251373853 0.443614871650209 0.30164243414 0.626508402128207 0.305118138513488 1 0.654554646705139 0.281642393115266 0.520765708535116 0.322100326522485 0.413268050632355 0.309936307026616 0.288035541283106 1
F 0.542568861433249 0.18834523552918 0.52400473982005 0.547689053451919 0.338367272881018 0.496713421556037 0.512108083116952 0.264227837738413 0.423479394784408 0.455249536560893 0.697583381047103 0.266431388700732 0.654554646705139 1 0.320196380724811 0.440735282703132 0.35281119708648 0.570460380742601 0.520165599708862 0.409062222661927 1
P 0.357012365268836 0 0.362752176877644 0.327074153801797 0.224506941289315 0.261673398280057 0.400071089143557 0.260163042240486 0.251720777406066 0.144707046877901 0.368326727732661 0.0681117150563608 0.281642393115266 0.320196380724811 1 0.254594828716534 0.092659933718869 0.160552687917888 0.11153844248784 0.130141987043369 1
S 0.558874868399906 0.341573670761539 0.709222786860052 0.347733101598674 0.316540381080697 0.60022250329862 0.331353898290011 0.442485501082853 0.469362229810123 0.378873249199359 0.397617109046995 0.43413081156831 0.520765708535116 0.440735282703132 0.254594828716534 1 0.60562578769152 0.17874050617771 0.311640791954253 0.435197942804249 1
T 0.28612232752781 0.358391671057834 0.405438813529854 0.203493656845038 0.0842608736350638 0.561196970594488 0.120347870338921 0.18136811572097 0.221786285208065 0.509268534955925 0.209446392053603 0.29683591224911 0.322100326522485 0.35281119708648 0.092659933718869 0.60562578769152 1 0.116016287468173 0.407383193080306 0.563122246279622 1
W 0.346331592174885 0.160417714755293 0.235727797619026 0.413875027572931 0.327155309931219 0.349696254188229 0.402930754077444 0.0265642583765495 0.197907653218596 0.303502741948331 0.520584286092507 0.222091124935354 0.413268050632355 0.570460380742601 0.160552687917888 0.17874050617771 0.116016287468173 1 0.481853857639605 0.285207021337098 1
Y 0.249270180178457 0.388061981174536 0.30308026263932 0.331936346833795 0.202756382886295 0.567340965950064 0.248873803397221 0.0340965151929878 0.272831393366069 0.573877587047092 0.349138134874411 0.3678154691037 0.309936307026616 0.520165599708862 0.11153844248784 0.311640791954253 0.407383193080306 0.481853857639605 1 0.601329416919648 1
V 0.28312637163581 0.425206955930066 0.361950609597817 0.236647072140151 0.144898662743316 0.624806410125708 0.219351282491018 0.0799866264912742 0.222297927226194 0.824641033058901 0.324441934824699 0.414203485898825 0.288035541283106 0.409062222661927 0.130141987043369 0.435197942804249 0.563122246279622 0.285207021337098 0.601329416919648 1 1
* 0 0 0 0 0 0 0 0 0 0 0 0 0 0 0 0 0 0 0 0 1
