A R N D C Q E G H I L K M F P S T W Y V *
A 1 0.311736617071548 0.449901713992562 0.305394334990116 0.319958046410005 0.561753645515119 0.430350588864994 0.383414067122296 0.491857218250009 0.606339123937706 0.684903962780505 0.474128535569241 0.64053038353866 0.503984175745745 0.268128064344523 0.566147540898305 0.498226249756469 0.311752045575372 0.289049258093979 0.651380011920712 1
R 0.311736617071548 1 0.363289666363624 0.138815231560383 0.0605459177571621 0.558718418883199 0.221507130798096 0.117420247002708 0.494144400072921 0.350582377237274 0.317062471814876 0.642952332638383 0.295506593635343 0.339598000131381 0.119851442427693 0.369936663519634 0.377554900336511 0.212341022968268 0.388783003549049 0.391439920918566 1
N 0.449901713992562 0.363289666363624 1 0.658399354405018 0.470278844826187 0.659142414271577 0.547643531669922 0.3352515076144 0.669542885311287 0.536524345188655 0.465766486121116 0.530624182440483 0.382214962563089 0.488325957315959 0.235241719961631 0.714518703425167 0.513410149869829 0.34692906552133 0.551193458075272 0.598427062975907 1
D 0.305394334990116 0.138815231560383 0.658399354405018 1 0.491615855311881 0.472331942823498 0.698138741668064 0.132785877584353 0.460900134597578 0.367079018997711 0.329321819868897 0.282044010911267 0.276068906802637 0.346267157019652 0.105434151058646 0.440774893092874 0.257526213404071 0.238710379044189 0.343789775027448 0.417611694099682 1
C 0.319958046410005 0.0605459177571621 0.470278844826187 0.491615855311881 1 0.335198859975524 0.452112131200371 0.134066318475727 0.347644202404452 0.366690796394458 0.338028397576614 0.140668890581405 0.359161015321655 0.344719947424285 0.103806084668263 0.361716528910922 0.205571368746052 0.221858878775591 0.20528408170353 0.43390287891102 1
Q 0.561753645515119 0.558718418883199 0.659142414271577 0.472331942823498 0.335198859975524 1 0.565730303365324 0.242467659583876 0.695687179044484 0.613380465591555 0.587530910567205 0.753294913191087 0.558113034947341 0.531311681194015 0.256993766528966 0.596532146967282 0.498003971154017 0.361871541379689 0.526084978591756 0.654084895458909 1
E 0.430350588864994 0.221507130798096 0.547643531669922 0.698138741668064 0.452112131200371 0.565730303365324 1 0.0651735851051902 0.487880212602034 0.432426680688161 0.452971283707388 0.364157931526726 0.432875355090269 0.403433757617218 0.0802960263269961 0.393243936756267 0.256871131034344 0.275664430084349 0.304263870135098 0.47978464374082 1
G 0.383414067122296 0.117420247002708 0.3352515076144 0.132785877584353 0.134066318475727 0.242467659583876 0.0651735851051902 1 0.217536415624471 0.26045804652253 0.213130749013586 0.208105884312811 0.17781560926199 0.172302965387662 0.324667067242991 0.449335561952198 0.301207571676302 0 0.107345651148344 0.312258668463811 1
H 0.491857218250009 0.494144400072921 0.669542885311287 0.460900134597578 0.347644202404452 0.695687179044484 0.487880212602034 0.217536415624471 1 0.66282895507666 0.590456036990936 0.620174829696234 0.501058863416605 0.708811719151322 0.174736354006788 0.629198329997127 0.607178275755518 0.588593154476172 0.709611340893544 0.662346608963535 1
I 0.606339123937706 0.350582377237274 0.536524345188655 0.367079018997711 0.366690796394458 0.613380465591555 0.432426680688161 0.26045804652253 0.66282895507666 1 0.821308237491098 0.513338010046087 0.636996036561522 0.775744670144594 0.252066924234967 0.571268384505868 0.551809580892801 0.543737804130737 0.584209979514794 0.854449309935388 1
L 0.684903962780505 0.317062471814876 0.465766486121116 0.329321819868897 0.338028397576614 0.587530910567205 0.452971283707388 0.213130749013586 0.590456036990936 0.821308237491098 1 0.494354843070317 0.713916113617092 0.71887265534432 0.188345133185717 0.510771867288039 0.495111717081881 0.51084565672537 0.473044092942968 0.766490956837335 1
K 0.474128535569241 0.642952332638383 0.530624182440483 0.282044010911267 0.140668890581405 0.753294913191087 0.364157931526726 0.208105884312811 0.620174829696234 0.513338010046087 0.494354843070317 1 0.425754955132677 0.439330496704511 0.149856608919986 0.541146038157049 0.511661561287838 0.290937327142201 0.509663923262149 0.538325941470321 1
M 0.64053038353866 0.295506593635343 0.382214962563089 0.276068906802637 0.359161015321655 0.558113034947341 0.432875355090269 0.17781560926199 0.501058863416605 0.636996036561522 0.713916113617092 0.425754955132677 1 0.595280902324134 0.168967543590281 0.384213065296158 0.337084925663039 0.435250545098434 0.334852246811861 0.599846001638581 1
F 0.503984175745745 0.339598000131381 0.488325957315959 0.346267157019652 0.344719947424285 0.531311681194015 0.403433757617218 0.172302965387662 0.708811719151322 0.775744670144594 0.71887265534432 0.439330496704511 0.595280902324134 1 0.164279720110223 0.494686915658931 0.516548236011592 0.743935714085021 0.629876853463225 0.689341165969393 1
P 0.268128064344523 0.119851442427693 0.235241719961631 0.105434151058646 0.103806084668263 0.256993766528966 0.0802960263269961 0.324667067242991 0.174736354006788 0.252066924234967 0.188345133185717 0.149856608919986 0.168967543590281 0.164279720110223 1 0.33002674072884 0.257477665092427 0.0179671104937364 0.0975539882267874 0.283321002360228 1
S 0.566147540898305 0.369936663519634 0.714518703425167 0.440774893092874 0.361716528910922 0.596532146967282 0.393243936756267 0.449335561952198 0.629198329997127 0.571268384505868 0.510771867288039 0.541146038157049 0.384213065296158 0.494686915658931 0.33002674072884 1 0.744084731427352 0.34696662009608 0.502311712561236 0.644379383870795 1
T 0.498226249756469 0.377554900336511 0.513410149869829 0.257526213404071 0.205571368746052 0.498003971154017 0.256871131034344 0.301207571676302 0.607178275755518 0.551809580892801 0.495111717081881 0.511661561287838 0.337084925663039 0.516548236011592 0.257477665092427 0.744084731427352 1 0.418154286859023 0.522964317888954 0.585574782811862 1
W 0.311752045575372 0.212341022968268 0.34692906552133 0.238710379044189 0.221858878775591 0.361871541379689 0.275664430084349 0 0.588593154476172 0.543737804130737 0.51084565672537 0.290937327142201 0.435250545098434 0.743935714085021 0.0179671104937364 0.34696662009608 0.418154286859023 1 0.575770605825278 0.457428830987103 1
Y 0.289049258093979 0.388783003549049 0.551193458075272 0.343789775027448 0.20528408170353 0.526084978591756 0.304263870135098 0.107345651148344 0.709611340893544 0.584209979514794 0.473044092942968 0.509663923262149 0.334852246811861 0.629876853463225 0.0975539882267874 0.502311712561236 0.522964317888954 0.575770605825278 1 0.538389589988152 1
V 0.651380011920712 0.391439920918566 0.598427062975907 0.417611694099682 0.43390287891102 0.654084895458909 0.47978464374082 0.312258668463811 0.662346608963535 0.854449309935388 0.766490956837335 0.538325941470321 0.599846001638581 0.689341165969393 0.283321002360228 0.644379383870795 0.585574782811862 0.457428830987103 0.538389589988152 1 1
* 0 0 0 0 0 0 0 0 0 0 0 0 0 0 0 0 0 0 0 0 1
