A R N D C Q E G H I L K M F P S T W Y V *
A 1 0.00144927245045238 0.00205147701559888 0.00195271965609373 0.0014019200627151 0.00162051668446802 0.00183903928170426 0.00386357167114091 0.00154134392461598 0.0021340058244766 0.00257860619044567 0.00161198795812089 0.00151664167613097 0.00157068580081786 0.00195354227594253 0.00377810839111418 0.00291466409751834 0.00117829388740158 0.00166160053710585 0.00284462671805912 1
R 0.00144927245045238 1 0.00284359691755905 0.00203059035242976 0.00107267313858397 0.00376693350556265 0.00303462010982197 0.00141209627480526 0.00252638714746522 0.00147476391388189 0.00141242717414745 0.00256407437501982 0.00147136981434709 0.00135161087268151 0.0021293744013487 0.00192152274962785 0.00187060216052673 0.00130671072068554 0.00213109538308417 0.00136144732052038 1
N 0.00205147701559888 0.00284359691755905 1 0.00253532245961764 0.00118467587700756 0.00543079921309219 0.00369347690946844 0.00205178666439962 0.0027350488539715 0.00170234242630521 0.00159734979979999 0.00237247046719693 0.00164114832764663 0.00140105908733252 0.00411623457017368 0.00366257706310009 0.00251395483784273 0.00124333414864299 0.00212291435632444 0.00159794740189925 1
D 0.00195271965609373 0.00203059035242976 0.00253532245961764 1 0.00154094065804223 0.00258586588271236 0.00447973016569421 0.00175546208415013 0.00198949396385572 0.00175611948161312 0.00166778491938385 0.0024116785517381 0.00172796225270093 0.00154795470273638 0.00206168544314455 0.00242654797244727 0.00427250623523892 0.00139515639819844 0.00199407482558989 0.0018260361935804 1
C 0.0014019200627151 0.00107267313858397 0.00118467587700756 0.00154094065804223 1 0.00116676408645215 0.00125878624350634 0.00115579834123763 0.00137673948297537 0.00215444297052683 0.00179051613540353 0.0010758147002718 0.00223089771800803 0.00238857612595346 0.00116972794328664 0.00124378749792105 0.00179217614525111 0.00193586263022584 0.00156855852619533 0.00218746823020596 1
Q 0.00162051668446802 0.00376693350556265 0.00543079921309219 0.00258586588271236 0.00116676408645215 1 0.00426768553094353 0.00161635659611495 0.00293583035632167 0.00156948480211292 0.00143811158858666 0.0025606821836175 0.0016303543710119 0.00137588191750091 0.00318817014997619 0.00243747422361474 0.00223080235389893 0.0013043649146461 0.00216773191438617 0.00143117066870734 1
E 0.00183903928170426 0.00303462010982197 0.00369347690946844 0.00447973016569421 0.00125878624350634 0.00426768553094353 1 0.00176094632380936 0.00221102910034199 0.00161874441775799 0.00156813846854582 0.00354603148689723 0.00157366074124323 0.00141957909272106 0.00241263598579437 0.00269802459549724 0.00310013060532523 0.00129989862021171 0.0020888131462715 0.00160508298404033 1
G 0.00386357167114091 0.00141209627480526 0.00205178666439962 0.00175546208415013 0.00115579834123763 0.00161635659611495 0.00176094632380936 1 0.00142443412538258 0.00153478835939164 0.00171936691460749 0.00157231655028638 0.00124950639799347 0.00123734570070268 0.00214273158858418 0.00369033727545301 0.00216970334176721 0.00100555455475073 0.00139478052799068 0.00178016360304207 1
H 0.00154134392461598 0.00252638714746522 0.0027350488539715 0.00198949396385572 0.00137673948297537 0.00293583035632167 0.00221102910034199 0.00142443412538258 1 0.00200706116135824 0.00163676363021186 0.00161555818064932 0.0025627645979693 0.00184969275058643 0.00252426408454678 0.00184146971251525 0.00197699478617331 0.00180289212600657 0.00303790577884131 0.0016186326781545 1
I 0.0021340058244766 0.00147476391388189 0.00170234242630521 0.00175611948161312 0.00215444297052683 0.00156948480211292 0.00161874441775799 0.00153478835939164 0.00200706116135824 1 0.00464001775309305 0.00136824718217942 0.00350427187120807 0.00448516296979859 0.0016193313944314 0.00177905353333543 0.00235971818050493 0.00225536582779349 0.00297400495752038 0.00453178077586941 1
L 0.00257860619044567 0.00141242717414745 0.00159734979979999 0.00166778491938385 0.00179051613540353 0.00143811158858666 0.00156813846854582 0.00171936691460749 0.00163676363021186 0.00464001775309305 1 0.00140979634777486 0.00212434829444953 0.00297343130926878 0.00153342555975698 0.00185376588223844 0.00233030325764934 0.00173350418613663 0.0023787478629501 0.00609618529146014 1
K 0.00161198795812089 0.00256407437501982 0.00237247046719693 0.0024116785517381 0.0010758147002718 0.0025606821836175 0.00354603148689723 0.00157231655028638 0.00161555818064932 0.00136824718217942 0.00140979634777486 1 0.00126121094884001 0.0012173563879386 0.0018116820495779 0.00214744152556669 0.00220039504300198 0.00111826421918064 0.001667803840749 0.00139631389639301 1
M 0.00151664167613097 0.00147136981434709 0.00164114832764663 0.00172796225270093 0.00223089771800803 0.0016303543710119 0.00157366074124323 0.00124950639799347 0.0025627645979693 0.00350427187120807 0.00212434829444953 0.00126121094884001 1 0.00382879102012489 0.00158082260440235 0.00147256691643318 0.00194283266306075 0.003361749570167 0.00315845276715479 0.00220846018426009 1
F 0.00157068580081786 0.00135161087268151 0.00140105908733252 0.00154795470273638 0.00238857612595346 0.00137588191750091 0.00141957909272106 0.00123734570070268 0.00184969275058643 0.00448516296979859 0.00297343130926878 0.0012173563879386 0.00382879102012489 1 0.00136012684252887 0.00138696925015583 0.00188489498979094 0.00365299927867423 0.00280731722506306 0.00292307764975386 1
P 0.00195354227594253 0.0021293744013487 0.00411623457017368 0.00206168544314455 0.00116972794328664 0.00318817014997619 0.00241263598579437 0.00214273158858418 0.00252426408454678 0.0016193313944314 0.00153342555975698 0.0018116820495779 0.00158082260440235 0.00136012684252887 1 0.00291355082251987 0.00210984698296064 0.00120811405383858 0.00188007674901073 0.00151559664511276 1
S 0.00377810839111418 0.00192152274962785 0.00366257706310009 0.00242654797244727 0.00124378749792105 0.00243747422361474 0.00269802459549724 0.00369033727545301 0.00184146971251525 0.00177905353333543 0.00185376588223844 0.00214744152556669 0.00147256691643318 0.00138696925015583 0.00291355082251987 1 0.003170790791909 0.00113662351329236 0.00174136601014237 0.00193742373417327 1
T 0.00291466409751834 0.00187060216052673 0.00251395483784273 0.00427250623523892 0.00179217614525111 0.00223080235389893 0.00310013060532523 0.00216970334176721 0.00197699478617331 0.00235971818050493 0.00233030325764934 0.00220039504300198 0.00194283266306075 0.00188489498979094 0.00210984698296064 0.003170790791909 1 0.00148719132582863 0.00219637684028013 0.00276709176623163 1
W 0.00117829388740158 0.00130671072068554 0.00124333414864299 0.00139515639819844 0.00193586263022584 0.0013043649146461 0.00129989862021171 0.00100555455475073 0.00180289212600657 0.00225536582779349 0.00173350418613663 0.00111826421918064 0.003361749570167 0.00365299927867423 0.00120811405383858 0.00113662351329236 0.00148719132582863 1 0.00244948130271328 0.00171007980555271 1
Y 0.00166160053710585 0.00213109538308417 0.00212291435632444 0.00199407482558989 0.00156855852619533 0.00216773191438617 0.0020888131462715 0.00139478052799068 0.00303790577884131 0.00297400495752038 0.0023787478629501 0.001667803840749 0.00315845276715479 0.00280731722506306 0.00188007674901073 0.00174136601014237 0.00219637684028013 0.00244948130271328 1 0.0021259017965438 1
V 0.00284462671805912 0.00136144732052038 0.00159794740189925 0.0018260361935804 0.00218746823020596 0.00143117066870734 0.00160508298404033 0.00178016360304207 0.0016186326781545 0.00453178077586941 0.00609618529146014 0.00139631389639301 0.00220846018426009 0.00292307764975386 0.00151559664511276 0.00193742373417327 0.00276709176623163 0.00171007980555271 0.0021259017965438 1 1
* 0 0 0 0 0 0 0 0 0 0 0 0 0 0 0 0 0 0 0 0 1
