A R N D C Q E G H I L K M F P S T W Y V *
A 1 0.628465422592769 0.559632992708453 0.49387461222014 0.692720114261096 0.700093254933079 0.622125854870557 0.513881206244697 0.744409999068685 0.463953244362846 0.544608813647322 0.608410356966833 0.557212955466742 0.471301442475593 0.476625063583521 0.643321831594621 0.801308950492481 0.45498167380349 0.64738064118361 0.585352723018187 1
R 0.628465422592769 1 0.731396844085494 0.687045181843185 0.482172271816684 0.901271825390357 0.823820696468806 0.503940741655364 0.771314865035368 0.222148739270915 0.289138106874383 0.881531871218668 0.361536801321898 0.272149932182676 0.577852127664838 0.690022299283453 0.726191935013633 0.326246497774269 0.541765444846808 0.318668324724266 1
N 0.559632992708453 0.731396844085494 1 0.896746215671963 0.389669106854902 0.774430351410922 0.783201197308497 0.732970448483223 0.606758789315902 0.0804366836286078 0.142560602074171 0.792999523966824 0.194259629515491 0.115459823941451 0.784851432924695 0.870708396516244 0.722193237138979 0.150846263187731 0.3917422725855 0.193394572189813 1
D 0.49387461222014 0.687045181843185 0.896746215671963 1 0.303296270618533 0.719173873059544 0.783712777099516 0.697072815851567 0.531842804295433 0 0.0669726904691983 0.77310588840674 0.118906958449369 0.0351019726792402 0.757388543779154 0.798522713496773 0.638083458151436 0.072141513344381 0.308155675545111 0.113025026243811 1
C 0.692720114261096 0.482172271816684 0.389669106854902 0.303296270618533 1 0.528961132779973 0.403555397775874 0.338597150697107 0.697159096771264 0.651024851367811 0.673451072762147 0.412282802051792 0.718734252260106 0.673713573256435 0.334561261428192 0.456762054365894 0.645923572776209 0.663356976463024 0.81312520654681 0.748914608939603 1
Q 0.700093254933079 0.901271825390357 0.774430351410922 0.719173873059544 0.528961132779973 1 0.855690824687869 0.571360882524346 0.796267591578021 0.252885241380154 0.321937627261104 0.879342695464803 0.384949601721778 0.294751562044693 0.62562099997129 0.761177143909267 0.804343164335992 0.335952629657524 0.560563349411753 0.357558909309585 1
E 0.622125854870557 0.823820696468806 0.783201197308497 0.783712777099516 0.403555397775874 0.855690824687869 1 0.573975852441536 0.662596107329771 0.138042704454813 0.216201463195354 0.913904198982329 0.272077407413098 0.175359645802096 0.618647500055598 0.743739855978439 0.701212162953199 0.212351120915291 0.427378943553496 0.244971608350127 1
G 0.513881206244697 0.503940741655364 0.732970448483223 0.697072815851567 0.338597150697107 0.571360882524346 0.573975852441536 1 0.450975336246685 0.0341467101949976 0.0914737313359471 0.563687511284231 0.1091334211254 0.0452543752695029 0.762542741828138 0.805080404174763 0.646577096105921 0.0483965961723927 0.28883364384859 0.1573366296715 1
H 0.744409999068685 0.771314865035368 0.606758789315902 0.531842804295433 0.697159096771264 0.796267591578021 0.662596107329771 0.450975336246685 1 0.433799247251286 0.491556731261807 0.686077494649183 0.570531292788794 0.485809683103903 0.496421548067695 0.624027450599004 0.782995197948959 0.533537843043794 0.755077458914672 0.526581070902029 1
I 0.463953244362846 0.222148739270915 0.0804366836286078 0 0.651024851367811 0.252885241380154 0.138042704454813 0.0341467101949976 0.433799247251286 1 0.888569337591986 0.145796259390279 0.821295173945727 0.896282912252929 0.0278054254978014 0.149996683743009 0.347026845244275 0.758668168625827 0.640043617754049 0.869951882766715 1
L 0.544608813647322 0.289138106874383 0.142560602074171 0.0669726904691983 0.673451072762147 0.321937627261104 0.216201463195354 0.0914737313359471 0.491556731261807 0.888569337591986 1 0.219711036580009 0.858241155624528 0.850161930516576 0.0798453623421583 0.212793764812314 0.407029109456071 0.736492419053359 0.664482673514757 0.896280477533102 1
K 0.608410356966833 0.881531871218668 0.792999523966824 0.77310588840674 0.412282802051792 0.879342695464803 0.913904198982329 0.563687511284231 0.686077494649183 0.145796259390279 0.219711036580009 1 0.280550710504608 0.187731177557586 0.621425573395433 0.739347050126629 0.707234340783315 0.231560378302867 0.451146220882991 0.249963689596969 1
M 0.557212955466742 0.361536801321898 0.194259629515491 0.118906958449369 0.718734252260106 0.384949601721778 0.272077407413098 0.1091334211254 0.570531292788794 0.821295173945727 0.858241155624528 0.280550710504608 1 0.875259948961338 0.11788274097355 0.247761807908644 0.443575388811787 0.837850354615418 0.746417236385115 0.827158520408791 1
F 0.471301442475593 0.272149932182676 0.115459823941451 0.0351019726792402 0.673713573256435 0.294751562044693 0.175359645802096 0.0452543752695029 0.485809683103903 0.896282912252929 0.850161930516576 0.187731177557586 0.875259948961338 1 0.0562064148273224 0.172764326046524 0.370902431842855 0.860647165166772 0.702812911802529 0.827897952776943 1
P 0.476625063583521 0.577852127664838 0.784851432924695 0.757388543779154 0.334561261428192 0.62562099997129 0.618647500055598 0.762542741828138 0.496421548067695 0.0278054254978014 0.0798453623421583 0.621425573395433 0.11788274097355 0.0562064148273224 1 0.783559939442089 0.646401184269794 0.083012444818314 0.325517527162702 0.140520808822343 1
S 0.643321831594621 0.690022299283453 0.870708396516244 0.798522713496773 0.456762054365894 0.761177143909267 0.743739855978439 0.805080404174763 0.624027450599004 0.149996683743009 0.212793764812314 0.739347050126629 0.247761807908644 0.172764326046524 0.783559939442089 1 0.800433114846118 0.189794545411466 0.431860569618602 0.269849733492357 1
T 0.801308950492481 0.726191935013633 0.722193237138979 0.638083458151436 0.645923572776209 0.804343164335992 0.701212162953199 0.646577096105921 0.782995197948959 0.347026845244275 0.407029109456071 0.707234340783315 0.443575388811787 0.370902431842855 0.646401184269794 0.800433114846118 1 0.383626421496451 0.622961427643563 0.464752327024526 1
W 0.45498167380349 0.326246497774269 0.150846263187731 0.072141513344381 0.663356976463024 0.335952629657524 0.212351120915291 0.0483965961723927 0.533537843043794 0.758668168625827 0.736492419053359 0.231560378302867 0.837850354615418 0.860647165166772 0.083012444818314 0.189794545411466 0.383626421496451 1 0.749531072774161 0.721151104962613 1
Y 0.64738064118361 0.541765444846808 0.3917422725855 0.308155675545111 0.81312520654681 0.560563349411753 0.427378943553496 0.28883364384859 0.755077458914672 0.640043617754049 0.664482673514757 0.451146220882991 0.746417236385115 0.702812911802529 0.325517527162702 0.431860569618602 0.622961427643563 0.749531072774161 1 0.705339815996227 1
V 0.585352723018187 0.318668324724266 0.193394572189813 0.113025026243811 0.748914608939603 0.357558909309585 0.244971608350127 0.1573366296715 0.526581070902029 0.869951882766715 0.896280477533102 0.249963689596969 0.827158520408791 0.827897952776943 0.140520808822343 0.269849733492357 0.464752327024526 0.721151104962613 0.705339815996227 1 1
* 0 0 0 0 0 0 0 0 0 0 0 0 0 0 0 0 0 0 0 0 1
