A R N D C Q E G H I L K M F P S T W Y V *
A 1 0.628370076661805 0.559514453468268 0.493778337211234 0.692667259524802 0.699901088203315 0.62205572361701 0.513833834284813 0.744211492108596 0.463890422337995 0.544488441661891 0.60835279992534 0.557033807175099 0.471203349828404 0.476611319028231 0.643273159678367 0.801104424409654 0.454940218381913 0.647251484110701 0.585327621553406 1
R 0.628370076661805 1 0.731355122837132 0.686988113002293 0.482158420819738 0.901032114678636 0.823538144727663 0.503923401355971 0.7708558225041 0.22214855440722 0.289139144979867 0.881188366975176 0.361535658548154 0.27212798856955 0.577843688078405 0.690000118795025 0.726108055086644 0.326210370610243 0.541625202480815 0.318643181185 1
N 0.559514453468268 0.731355122837132 1 0.896169089994334 0.389620212016572 0.774259272904889 0.782888761520185 0.732820772562337 0.606436016149197 0.0804488842390858 0.14252988780075 0.792655601261644 0.194231038069244 0.115431345778189 0.784714751498925 0.870399503325536 0.722015629438616 0.150823010701608 0.391558186509275 0.193361474368333 1
D 0.493778337211234 0.686988113002293 0.896169089994334 1 0.303275704740673 0.718935910940584 0.783316507999044 0.69696985851884 0.531638152455775 0 0.066971326060131 0.772996880497068 0.118911945456118 0.0350789144498567 0.757291470940794 0.798388044578905 0.638005570894608 0.0721193650559372 0.308047423235738 0.113012436268212 1
C 0.692667259524802 0.482158420819738 0.389620212016572 0.303275704740673 1 0.528939989703878 0.403557205579476 0.338620342019781 0.696997833313347 0.650947022990689 0.673410083913202 0.412277597927508 0.718561298067404 0.6736359618704 0.334584498244246 0.456772364237885 0.64591915641716 0.663288910742745 0.812898996607453 0.748866891643576 1
Q 0.699901088203315 0.901032114678636 0.774259272904889 0.718935910940584 0.528939989703878 1 0.855519176889919 0.571337242280206 0.795719226070864 0.252835912267681 0.321941624488119 0.87878956061343 0.384895133920897 0.294736982809471 0.6255702478432 0.761100415251648 0.804216263090109 0.335880377488642 0.560451413260797 0.357496904259788 1
E 0.62205572361701 0.823538144727663 0.782888761520185 0.783316507999044 0.403557205579476 0.855519176889919 1 0.573960577580531 0.662489987890979 0.138018247497575 0.216183807802629 0.913432280194257 0.271960055009668 0.175326301369145 0.618608624147343 0.743635426509133 0.701155471505706 0.212341587074943 0.427303293515197 0.244970841209966 1
G 0.513833834284813 0.503923401355971 0.732820772562337 0.69696985851884 0.338620342019781 0.571337242280206 0.573960577580531 1 0.450908095735674 0.034160101186035 0.0914950420424149 0.563662780526691 0.109107926801351 0.0452568665614559 0.762536241927782 0.805026652473522 0.646584992849979 0.0484125601493464 0.28877755271446 0.157353899940185 1
H 0.744211492108596 0.7708558225041 0.606436016149197 0.531638152455775 0.696997833313347 0.795719226070864 0.662489987890979 0.450908095735674 1 0.433718988662084 0.491383696050661 0.685981600424254 0.570116392564267 0.48557082792273 0.496338413175773 0.623827650217291 0.782784263724201 0.533506500731092 0.7545628858697 0.52655622458192 1
I 0.463890422337995 0.22214855440722 0.0804488842390858 0 0.650947022990689 0.252835912267681 0.138018247497575 0.034160101186035 0.433718988662084 1 0.888078749067438 0.145797449070417 0.820870230839003 0.895599397563475 0.0278267851464824 0.149982249902199 0.347012755378075 0.758644022279997 0.639682159122744 0.86983827576815 1
L 0.544488441661891 0.289139144979867 0.14252988780075 0.066971326060131 0.673410083913202 0.321941624488119 0.216183807802629 0.0914950420424149 0.491383696050661 0.888078749067438 1 0.219676476831882 0.858039104224426 0.849803177665705 0.0798612274042266 0.212810299523497 0.407016516224263 0.736278106418749 0.664353608337297 0.895815801850144 1
K 0.60835279992534 0.881188366975176 0.792655601261644 0.772996880497068 0.412277597927508 0.87878956061343 0.913432280194257 0.563662780526691 0.685981600424254 0.145797449070417 0.219676476831882 1 0.280462916220529 0.187700760000492 0.621400913209709 0.739231266984851 0.707199460229732 0.231564846494772 0.451004256272111 0.249981770517339 1
M 0.557033807175099 0.361535658548154 0.194231038069244 0.118911945456118 0.718561298067404 0.384895133920897 0.271960055009668 0.109107926801351 0.570116392564267 0.820870230839003 0.858039104224426 0.280462916220529 1 0.874768015085925 0.117866825039481 0.247754130168802 0.443482359608292 0.837198342318002 0.746118129829557 0.826636632857052 1
F 0.471203349828404 0.27212798856955 0.115431345778189 0.0350789144498567 0.6736359618704 0.294736982809471 0.175326301369145 0.0452568665614559 0.48557082792273 0.895599397563475 0.849803177665705 0.187700760000492 0.874768015085925 1 0.056206158687595 0.172748936523923 0.370876359534924 0.860047627835117 0.702527593597075 0.827520558246864 1
P 0.476611319028231 0.577843688078405 0.784714751498925 0.757291470940794 0.334584498244246 0.6255702478432 0.618608624147343 0.762536241927782 0.496338413175773 0.0278267851464824 0.0798612274042266 0.621400913209709 0.117866825039481 0.056206158687595 1 0.783537489579101 0.646391705417016 0.0830302386863409 0.325460265160543 0.140544929619932 1
S 0.643273159678367 0.690000118795025 0.870399503325536 0.798388044578905 0.456772364237885 0.761100415251648 0.743635426509133 0.805026652473522 0.623827650217291 0.149982249902199 0.212810299523497 0.739231266984851 0.247754130168802 0.172748936523923 0.783537489579101 1 0.800332876153135 0.18977361764757 0.431831288779618 0.269841306053665 1
T 0.801104424409654 0.726108055086644 0.722015629438616 0.638005570894608 0.64591915641716 0.804216263090109 0.701155471505706 0.646584992849979 0.782784263724201 0.347012755378075 0.407016516224263 0.707199460229732 0.443482359608292 0.370876359534924 0.646391705417016 0.800332876153135 1 0.383613900495932 0.622770839912128 0.46474346734861 1
W 0.454940218381913 0.326210370610243 0.150823010701608 0.0721193650559372 0.663288910742745 0.335880377488642 0.212341587074943 0.0484125601493464 0.533506500731092 0.758644022279997 0.736278106418749 0.231564846494772 0.837198342318002 0.860047627835117 0.0830302386863409 0.18977361764757 0.383613900495932 1 0.749061542368668 0.7211463101737 1
Y 0.647251484110701 0.541625202480815 0.391558186509275 0.308047423235738 0.812898996607453 0.560451413260797 0.427303293515197 0.28877755271446 0.7545628858697 0.639682159122744 0.664353608337297 0.451004256272111 0.746118129829557 0.702527593597075 0.325460265160543 0.431831288779618 0.622770839912128 0.749061542368668 1 0.705060825765288 1
V 0.585327621553406 0.318643181185 0.193361474368333 0.113012436268212 0.748866891643576 0.357496904259788 0.244970841209966 0.157353899940185 0.52655622458192 0.86983827576815 0.895815801850144 0.249981770517339 0.826636632857052 0.827520558246864 0.140544929619932 0.269841306053665 0.46474346734861 0.7211463101737 0.705060825765288 1 1
* 0 0 0 0 0 0 0 0 0 0 0 0 0 0 0 0 0 0 0 0 1
