A R N D C Q E G H I L K M F P S T W Y V *
A 1 0.628363176526677 0.559506016261795 0.49377781604027 0.692660543805929 0.699883335197014 0.622012441604198 0.513827848354336 0.74420575339095 0.463887488433317 0.544487497885405 0.608339471583948 0.557010365157075 0.471197131177754 0.476606712845171 0.643232875512438 0.801068310366482 0.454935760912451 0.647244344822236 0.585315315399182 1
R 0.628363176526677 1 0.731352808932384 0.686979894773031 0.482159657030544 0.900912956361559 0.823503135560969 0.503924649408976 0.770854020461581 0.222150549569301 0.289140282653922 0.881183706829784 0.3615326563765 0.272129445389149 0.577844786624057 0.689982754043974 0.726092951872894 0.326212002102003 0.54162511874393 0.318643438528134 1
N 0.559506016261795 0.731352808932384 1 0.896114508224041 0.389620841338457 0.774183526852973 0.782869382220776 0.732819174110459 0.606430878740953 0.0804506549352467 0.142530116211686 0.792654192157662 0.194231063772731 0.115431337984104 0.784712363129307 0.87033255535036 0.722011199562115 0.150823502127946 0.391559588102257 0.193359414347078 1
D 0.49377781604027 0.686979894773031 0.896114508224041 1 0.303273705112376 0.718925517031456 0.783236387170165 0.696958998869562 0.531637432720383 0 0.066972623867204 0.772971013123734 0.118901045442598 0.0350786172517837 0.757278984283308 0.798335852191146 0.637976044877075 0.0721191787142258 0.308043118875248 0.113010893842931 1
C 0.692660543805929 0.482159657030544 0.389620841338457 0.303273705112376 1 0.528916562001646 0.403547429731689 0.338621893967749 0.696996643014895 0.650947954800664 0.673409829719964 0.412277906147983 0.718550283660009 0.673634594184455 0.334586162877395 0.456760871557711 0.645909854746619 0.663288805642079 0.812897823456678 0.748860882827794 1
Q 0.699883335197014 0.900912956361559 0.774183526852973 0.718925517031456 0.528916562001646 1 0.855277410117271 0.571307569029419 0.795684127022852 0.25282239646574 0.321931685902264 0.878643908755805 0.384853366395514 0.294723325784516 0.625537693995062 0.76101577999718 0.804088360125522 0.335865925178365 0.560419424936989 0.35748094555797 1
E 0.622012441604198 0.823503135560969 0.782869382220776 0.783236387170165 0.403547429731689 0.855277410117271 1 0.573949236421593 0.662460061708983 0.138012697292031 0.216172784887419 0.913397310672705 0.271961146861621 0.175320046360581 0.618594460558163 0.743606044305198 0.70113742968593 0.212334876951589 0.427294413753912 0.244962906168635 1
G 0.513827848354336 0.503924649408976 0.732819174110459 0.696958998869562 0.338621893967749 0.571307569029419 0.573949236421593 1 0.45090796193276 0.0341625461391022 0.0914965382171187 0.563663194886878 0.109107656937516 0.0452589586117386 0.762536826610089 0.804999417992268 0.646574804531964 0.048414886915182 0.288778684854308 0.157354790034487 1
H 0.74420575339095 0.770854020461581 0.606430878740953 0.531637432720383 0.696996643014895 0.795684127022852 0.662460061708983 0.45090796193276 1 0.433719467077057 0.49138467475835 0.685975175924928 0.570103359118097 0.485571088166499 0.496338315385468 0.623811317924988 0.782752461379184 0.533506933965366 0.754556585351318 0.526555040660601 1
I 0.463887488433317 0.222150549569301 0.0804506549352467 0 0.650947954800664 0.25282239646574 0.138012697292031 0.0341625461391022 0.433719467077057 1 0.888075761715213 0.145798870834548 0.820852248851617 0.895593029950067 0.0278293147688713 0.149976377810611 0.347008837485426 0.758643369180642 0.639682192155951 0.869826169855162 1
L 0.544487497885405 0.289140282653922 0.142530116211686 0.066972623867204 0.673409829719964 0.321931685902264 0.216172784887419 0.0914965382171187 0.49138467475835 0.888075761715213 1 0.219675827604457 0.857998081018282 0.849796344087481 0.0798629690175119 0.212801697835177 0.407009046983132 0.736276331492936 0.66435144970366 0.895796331740696 1
K 0.608339471583948 0.881183706829784 0.792654192157662 0.772971013123734 0.412277906147983 0.878643908755805 0.913397310672705 0.563663194886878 0.685975175924928 0.145798870834548 0.219675827604457 1 0.280463538105015 0.187701462666362 0.621400753136037 0.739210986322601 0.707190009493199 0.231565661985493 0.451004368329824 0.249981172388754 1
M 0.557010365157075 0.3615326563765 0.194231063772731 0.118901045442598 0.718550283660009 0.384853366395514 0.271961146861621 0.109107656937516 0.570103359118097 0.820852248851617 0.857998081018282 0.280463538105015 1 0.874738121047292 0.117866158621477 0.24774761926485 0.443477790212897 0.837176619322263 0.746107928416071 0.826611094996804 1
F 0.471197131177754 0.272129445389149 0.115431337984104 0.0350786172517837 0.673634594184455 0.294723325784516 0.175320046360581 0.0452589586117386 0.485571088166499 0.895593029950067 0.849796344087481 0.187701462666362 0.874738121047292 1 0.0562082036405892 0.172746937114319 0.370866907419421 0.860047454588013 0.70252208694045 0.827519893530093 1
P 0.476606712845171 0.577844786624057 0.784712363129307 0.757278984283308 0.334586162877395 0.625537693995062 0.618594460558163 0.762536826610089 0.496338315385468 0.0278293147688713 0.0798629690175119 0.621400753136037 0.117866158621477 0.0562082036405892 1 0.78351151057316 0.646381492955461 0.0830324872402463 0.325461341299285 0.140545824608276 1
S 0.643232875512438 0.689982754043974 0.87033255535036 0.798335852191146 0.456760871557711 0.76101577999718 0.743606044305198 0.804999417992268 0.623811317924988 0.149976377810611 0.212801697835177 0.739210986322601 0.24774761926485 0.172746937114319 0.78351151057316 1 0.800251036095979 0.189770195128096 0.431816460555826 0.269840267641817 1
T 0.801068310366482 0.726092951872894 0.722011199562115 0.637976044877075 0.645909854746619 0.804088360125522 0.70113742968593 0.646574804531964 0.782752461379184 0.347008837485426 0.407009046983132 0.707190009493199 0.443477790212897 0.370866907419421 0.646381492955461 0.800251036095979 1 0.383606067054382 0.622767019867431 0.464727607177589 1
W 0.454935760912451 0.326212002102003 0.150823502127946 0.0721191787142258 0.663288805642079 0.335865925178365 0.212334876951589 0.048414886915182 0.533506933965366 0.758643369180642 0.736276331492936 0.231565661985493 0.837176619322263 0.860047454588013 0.0830324872402463 0.189770195128096 0.383606067054382 1 0.7490572887933 0.721145212168837 1
Y 0.647244344822236 0.54162511874393 0.391559588102257 0.308043118875248 0.812897823456678 0.560419424936989 0.427294413753912 0.288778684854308 0.754556585351318 0.639682192155951 0.66435144970366 0.451004368329824 0.746107928416071 0.70252208694045 0.325461341299285 0.431816460555826 0.622767019867431 0.7490572887933 1 0.705050648546899 1
V 0.585315315399182 0.318643438528134 0.193359414347078 0.113010893842931 0.748860882827794 0.35748094555797 0.244962906168635 0.157354790034487 0.526555040660601 0.869826169855162 0.895796331740696 0.249981172388754 0.826611094996804 0.827519893530093 0.140545824608276 0.269840267641817 0.464727607177589 0.721145212168837 0.705050648546899 1 1
* 0 0 0 0 0 0 0 0 0 0 0 0 0 0 0 0 0 0 0 0 1
