A R N D C Q E G H I L K M F P S T W Y V *
A 1 0.200348090705096 0.172223803289201 0.150067841821795 0.243223714914461 0.24933894516465 0.199229172455555 0.159209235699372 0.294135225385636 0.138792511647273 0.164985844118223 0.19028103249987 0.170533100537439 0.143218324821086 0.147291502438195 0.213811702036596 0.386171444263319 0.138690328142375 0.211661040692954 0.180803559350865 1
R 0.200348090705096 1 0.289350477307525 0.24783057532009 0.14379709531387 0.749164676936885 0.431644547306497 0.155714879171645 0.322127536281507 0.0955389760071205 0.105149676956835 0.632220447307307 0.117544832194716 0.103345666803912 0.184527092477867 0.247157535012901 0.274698181390753 0.111480503947624 0.162177354214316 0.10955792011024 1
N 0.172223803289201 0.289350477307525 1 0.751094191917292 0.123136124533784 0.344973687280574 0.359854291673672 0.286474787155119 0.193395066821431 0.0815799017074126 0.0880856343098686 0.380909003846525 0.0942499841270659 0.0858284006614634 0.364362004049996 0.579105842454744 0.271379447375442 0.0893504563303972 0.123588883826631 0.093439564337213 1
D 0.150067841821795 0.24783057532009 0.751094191917292 1 0.108178538341477 0.275274414819027 0.358827292514415 0.253227727611919 0.16241840623883 0.0751443734332599 0.0810428250621829 0.348747589372669 0.0862078714195866 0.0787154270954401 0.31902754818463 0.3793236866855 0.209493372460122 0.0817692933545591 0.108891640437734 0.0851171303518556 1
C 0.243223714914461 0.14379709531387 0.123136124533784 0.108178538341477 1 0.158683852240619 0.125729952422919 0.114899402412445 0.24925125184425 0.214825880939404 0.233306133052933 0.126849538506139 0.276901470878833 0.237890274652896 0.114448903392726 0.138271438117334 0.211787607838401 0.230109310069647 0.407341309358748 0.301993019877748 1
Q 0.24933894516465 0.749164676936885 0.344973687280574 0.275274414819027 0.158683852240619 1 0.524599943584913 0.181277879505542 0.365763705752309 0.0997599371492325 0.110671943964257 0.609639161840062 0.1226051306624 0.107118382314613 0.209491205305251 0.323623484445557 0.38795450304034 0.113601003361218 0.169819898834771 0.116614501206533 1
E 0.199229172455555 0.431644547306497 0.359854291673672 0.358827292514415 0.125729952422919 0.524599943584913 1 0.182558970467559 0.222400358430599 0.0867115286914532 0.0959507273574014 0.896254694012363 0.10364324638997 0.0916428335619208 0.204301434299641 0.302138851653021 0.254035142111543 0.0957778139010893 0.130800841134836 0.0995017305930633 1
G 0.159209235699372 0.155714879171645 0.286474787155119 0.253227727611919 0.114899402412445 0.181277879505542 0.182558970467559 1 0.140315639072929 0.0782624231141012 0.08382490386344 0.178053706219378 0.0859391008892142 0.0800855166303496 0.324826894460298 0.401186504277739 0.218428387699155 0.0802985139753999 0.106702355486863 0.0902253909280778 1
H 0.294135225385636 0.322127536281507 0.193395066821431 0.16241840623883 0.24925125184425 0.365763705752309 0.222400358430599 0.140315639072929 1 0.131853775892746 0.148110699752362 0.236258698444378 0.176656508803401 0.147777878607772 0.153813991705583 0.202704750740957 0.354656733661647 0.162782440081275 0.306575292153055 0.1589912609296 1
I 0.138792511647273 0.0955389760071205 0.0815799017074126 0.0751443734332599 0.214825880939404 0.0997599371492325 0.0867115286914532 0.0782624231141012 0.131853775892746 1 0.653347113042807 0.0870936669620734 0.413446407200542 0.702870567789508 0.077744320184124 0.0882345483373767 0.114622743494132 0.311391542380419 0.207454032544495 0.561162003164409 1
L 0.164985844118223 0.105149676956835 0.0880856343098686 0.0810428250621829 0.233306133052933 0.110671943964257 0.0959507273574014 0.08382490386344 0.148110699752362 0.653347113042807 1 0.095851686032789 0.527309805882713 0.501687634075268 0.0827297074890859 0.0960051242487947 0.127475018162963 0.286726315669043 0.225725544746409 0.736474810837167 1
K 0.19028103249987 0.632220447307307 0.380909003846525 0.348747589372669 0.126849538506139 0.609639161840062 0.896254694012363 0.178053706219378 0.236258698444378 0.0870936669620734 0.095851686032789 1 0.104300050291786 0.0926107163721711 0.207383669435702 0.295721274644446 0.256688687182791 0.0977658557940279 0.135612011534891 0.0996218967058918 1
M 0.170533100537439 0.117544832194716 0.0942499841270659 0.0862078714195866 0.276901470878833 0.1226051306624 0.10364324638997 0.0859391008892142 0.176656508803401 0.413446407200542 0.527309805882713 0.104300050291786 1 0.61962143706241 0.0868684514900926 0.101041034180824 0.13695525219356 0.476054466509024 0.308067809686893 0.443650826176308 1
F 0.143218324821086 0.103345666803912 0.0858284006614634 0.0787154270954401 0.237890274652896 0.107118382314613 0.0916428335619208 0.0800855166303496 0.147777878607772 0.702870567789508 0.501687634075268 0.0926107163721711 0.61962143706241 1 0.0810574674214689 0.0918420821668802 0.120993243825789 0.547838830625661 0.259973953362835 0.446911333630618 1
P 0.147291502438195 0.184527092477867 0.364362004049996 0.31902754818463 0.114448903392726 0.209491205305251 0.204301434299641 0.324826894460298 0.153813991705583 0.077744320184124 0.0827297074890859 0.207383669435702 0.0868684514900926 0.0810574674214689 1 0.363821586037299 0.21831313139781 0.0833518651904375 0.112625845655089 0.0884258727775001 1
S 0.213811702036596 0.247157535012901 0.579105842454744 0.3793236866855 0.138271438117334 0.323623484445557 0.302138851653021 0.401186504277739 0.202704750740957 0.0882345483373767 0.0960051242487947 0.295721274644446 0.101041034180824 0.0918420821668802 0.363821586037299 1 0.378414976079673 0.0936938201162771 0.132249339533654 0.103250955239471 1
T 0.386171444263319 0.274698181390753 0.271379447375442 0.209493372460122 0.211787607838401 0.38795450304034 0.254035142111543 0.218428387699155 0.354656733661647 0.114622743494132 0.127475018162963 0.256688687182791 0.13695525219356 0.120993243825789 0.21831313139781 0.378414976079673 1 0.12334799534455 0.198665327803464 0.140761160864777 1
W 0.138690328142375 0.111480503947624 0.0893504563303972 0.0817692933545591 0.230109310069647 0.113601003361218 0.0957778139010893 0.0802985139753999 0.162782440081275 0.311391542380419 0.286726315669043 0.0977658557940279 0.476054466509024 0.547838830625661 0.0833518651904375 0.0936938201162771 0.12334799534455 1 0.31066685251924 0.273402298343557 1
Y 0.211661040692954 0.162177354214316 0.123588883826631 0.108891640437734 0.407341309358748 0.169819898834771 0.130800841134836 0.106702355486863 0.306575292153055 0.207454032544495 0.225725544746409 0.135612011534891 0.308067809686893 0.259973953362835 0.112625845655089 0.132249339533654 0.198665327803464 0.31066685251924 1 0.255595748771149 1
V 0.180803559350865 0.10955792011024 0.093439564337213 0.0851171303518556 0.301993019877748 0.116614501206533 0.0995017305930633 0.0902253909280778 0.1589912609296 0.561162003164409 0.736474810837167 0.0996218967058918 0.443650826176308 0.446911333630618 0.0884258727775001 0.103250955239471 0.140761160864777 0.273402298343557 0.255595748771149 1 1
* 0 0 0 0 0 0 0 0 0 0 0 0 0 0 0 0 0 0 0 0 1
