A R N D C Q E G H I L K M F P S T W Y V *
A 1 0.624930923130835 0.563681837248268 0.499263982735931 0.691048327833956 0.698625606266046 0.6228244463043 0.528014985417356 0.74452439916117 0.458584814545097 0.54454047960979 0.605087420190915 0.559356082798938 0.475315930924809 0.489825467258092 0.648548827227435 0.805411884929479 0.45818591361238 0.644977775847431 0.584386647569058 1
R 0.624930923130835 1 0.740299811728336 0.696791352978922 0.477427737540593 0.899695786858901 0.825911449820998 0.517423294209231 0.766724775221975 0.213468925732892 0.285358019082573 0.88114213364451 0.360717336268929 0.272883172007212 0.592773221405018 0.695965678613288 0.726447503027446 0.325941570298568 0.536653105501048 0.314112814868631 1
N 0.563681837248268 0.740299811728336 1 0.899953462239614 0.389745505490204 0.782173608585563 0.791181110877501 0.737692890255745 0.611446275914352 0.0788861979416667 0.146916815414915 0.802723556874657 0.202712083941024 0.124481257321163 0.793764518259294 0.870240691900579 0.723102194510328 0.15899284100583 0.39198113044963 0.195797048431516 1
D 0.499263982735931 0.696791352978922 0.899953462239614 1 0.305367084956733 0.727020131955736 0.790583450587887 0.703253770264758 0.537340778219663 0 0.0727819103590874 0.784530773192066 0.128335125367833 0.0453666300743106 0.76445804175578 0.801899074403011 0.64130429258537 0.081019654805783 0.309916049283611 0.117165097993441 1
C 0.691048327833956 0.477427737540593 0.389745505490204 0.305367084956733 1 0.526452298880952 0.402335147789638 0.345998570440599 0.698519574616959 0.650208005177663 0.677915139006607 0.407610194580069 0.728624144917809 0.684121708872284 0.343424260035016 0.456544500755869 0.645189941941283 0.673440533933564 0.81552479037406 0.751171820250416 1
Q 0.698625606266046 0.899695786858901 0.782173608585563 0.727020131955736 0.526452298880952 1 0.856758708512715 0.585474114998335 0.794554866293522 0.24674798741252 0.321016955683647 0.876739589355688 0.387102537819776 0.298492267997882 0.641300581932466 0.76780308894455 0.806306221878171 0.338523681922751 0.557505486996121 0.3556172460904 1
E 0.6228244463043 0.825911449820998 0.791181110877501 0.790583450587887 0.402335147789638 0.856758708512715 1 0.588383012673632 0.662121167593761 0.133398124018235 0.216844150088004 0.916157344630629 0.274970863508843 0.180030008756913 0.632188713256664 0.751291920843215 0.704196935870135 0.215430271661219 0.425505426560695 0.244793301730788 1
G 0.528014985417356 0.517423294209231 0.737692890255745 0.703253770264758 0.345998570440599 0.585474114998335 0.588383012673632 1 0.464461880872713 0.0398409550429508 0.103555507135703 0.577967934345183 0.125609034121383 0.0616983370400975 0.76866332586742 0.812694662876202 0.655977072280744 0.0641872468987277 0.295757126537743 0.167148264359858 1
H 0.74452439916117 0.766724775221975 0.611446275914352 0.537340778219663 0.698519574616959 0.794554866293522 0.662121167593761 0.464461880872713 1 0.430093124565618 0.49264723238159 0.681940288641051 0.574630032359084 0.491504586875916 0.511459441368021 0.629291503240151 0.788120832621918 0.538375432904549 0.754890966895842 0.527367900638681 1
I 0.458584814545097 0.213468925732892 0.0788861979416667 0 0.650208005177663 0.24674798741252 0.133398124018235 0.0398409550429508 0.430093124565618 1 0.884985527703194 0.137200487080387 0.818248817441504 0.893089315619538 0.0334422726278467 0.148356569515885 0.344420041410832 0.758682034653793 0.6377781983238 0.866091479805264 1
L 0.54454047960979 0.285358019082573 0.146916815414915 0.0727819103590874 0.677915139006607 0.321016955683647 0.216844150088004 0.103555507135703 0.49264723238159 0.884985527703194 1 0.216034933307751 0.857494830183428 0.850216811558911 0.0916881527331234 0.2172878893576 0.410516864275354 0.737922997204079 0.667098495574877 0.897967490092646 1
K 0.605087420190915 0.88114213364451 0.802723556874657 0.784530773192066 0.407610194580069 0.876739589355688 0.916157344630629 0.577967934345183 0.681940288641051 0.137200487080387 0.216034933307751 1 0.279536556089486 0.188599587856765 0.637655300257102 0.745894597797848 0.70725482973954 0.231384282140655 0.445887037713275 0.245704248583978 1
M 0.559356082798938 0.360717336268929 0.202712083941024 0.128335125367833 0.728624144917809 0.387102537819776 0.274970863508843 0.125609034121383 0.574630032359084 0.818248817441504 0.857494830183428 0.279536556089486 1 0.878725349159133 0.134963589838709 0.256298452975247 0.451321711072039 0.84215173111534 0.756078463668004 0.830622712729047 1
F 0.475315930924809 0.272883172007212 0.124481257321163 0.0453666300743106 0.684121708872284 0.298492267997882 0.180030008756913 0.0616983370400975 0.491504586875916 0.893089315619538 0.850216811558911 0.188599587856765 0.878725349159133 1 0.0729494046176287 0.181808908723127 0.378937442643856 0.86283489005801 0.710954222677901 0.831858429673729 1
P 0.489825467258092 0.592773221405018 0.793764518259294 0.76445804175578 0.343424260035016 0.641300581932466 0.632188713256664 0.76866332586742 0.511459441368021 0.0334422726278467 0.0916881527331234 0.637655300257102 0.134963589838709 0.0729494046176287 1 0.793458177532226 0.655795448711091 0.0984680035464783 0.332796366622757 0.150199245165038 1
S 0.648548827227435 0.695965678613288 0.870240691900579 0.801899074403011 0.456544500755869 0.76780308894455 0.751291920843215 0.812694662876202 0.629291503240151 0.148356569515885 0.2172878893576 0.745894597797848 0.256298452975247 0.181808908723127 0.793458177532226 1 0.801423362754442 0.197979404191191 0.431797741310172 0.272216191521163 1
T 0.805411884929479 0.726447503027446 0.723102194510328 0.64130429258537 0.645189941941283 0.806306221878171 0.704196935870135 0.655977072280744 0.788120832621918 0.344420041410832 0.410516864275354 0.70725482973954 0.451321711072039 0.378937442643856 0.655795448711091 0.801423362754442 1 0.390793719643698 0.621753960471658 0.46615690740539 1
W 0.45818591361238 0.325941570298568 0.15899284100583 0.081019654805783 0.673440533933564 0.338523681922751 0.215430271661219 0.0641872468987277 0.538375432904549 0.758682034653793 0.737922997204079 0.231384282140655 0.84215173111534 0.86283489005801 0.0984680035464783 0.197979404191191 0.390793719643698 1 0.758119114337742 0.725150908062837 1
Y 0.644977775847431 0.536653105501048 0.39198113044963 0.309916049283611 0.81552479037406 0.557505486996121 0.425505426560695 0.295757126537743 0.754890966895842 0.6377781983238 0.667098495574877 0.445887037713275 0.756078463668004 0.710954222677901 0.332796366622757 0.431797741310172 0.621753960471658 0.758119114337742 1 0.70600303880429 1
V 0.584386647569058 0.314112814868631 0.195797048431516 0.117165097993441 0.751171820250416 0.3556172460904 0.244793301730788 0.167148264359858 0.527367900638681 0.866091479805264 0.897967490092646 0.245704248583978 0.830622712729047 0.831858429673729 0.150199245165038 0.272216191521163 0.46615690740539 0.725150908062837 0.70600303880429 1 1
* 0 0 0 0 0 0 0 0 0 0 0 0 0 0 0 0 0 0 0 0 1
